500
800
600
500
700
800
900
1100
1400
1500
1900
2100
2500
2800
3100
3500
3900
6000
4800
5300
5800
6200
7300
7300
8000
9100
9200
9800
11300
11200
12500
12700
13800
14300
15200
16300
16800
17600
18700
19900
20900
21400
22200
23400
24300
25300
26500
28900
29100
30100
31100
32600
33700
35000
36400
37500
38700
40000
43300
42500
43700
45100
41700
48100
49600
50900
52700
54600
52500
57600
64800
59300
62200
65300
63900
31100
14500
13400
13200
12400
27700
23300
17400
29300
20200
9800
14700
10000
11600
10500
11100
11000
11600
11300
12400
11900
12600
12900
12500
13400
13100
14100
14100
13800
14500
14900
14700
19000
17200
15900
15800
16600
16700
17000
17000
16700
17500
17900
18000
18500
19000
19000
19300
19600
19900
19800
20600
21200
21900
21500
21700
22200
22400
22700
23400
23400
23800
24000
24600
24500
25100
25800
26200
26000
26400
26800
27500
27300
28400
28500
28700
29300
29300
30100
30300
30800
30800
31400
31600
32300
32600
33700
33600
33600
34300
35300
34800
35500
35900
36300
36400
37700
37600
37900
38400
38800
39200
39100
40100
40800
40800
41500
42200
42300
44000
43800
44300
44600
46300
46300
45800
46200
46700
73900
64100
62100
59900
63500
64400
64500
65300
64100
64900
65800
65500
66000
65300
64900
65500
65600
65600
66400
65600
66000
66000
66800
66200
67900
67300
67300
67600
66200
67200
68600
79600
75500
74300
71800
70900
70800
71000
71700
71800
71200
71000
71300
71800
72300
71800
74900
74700
11100
10500
10400
10400
10200
10500
10400
10300
10300
10400
10400
10500
10600
10600
10700
10800
10900
11100
11000
11200
11400
11400
11500
11500
11600
11600
11800
12000
12300
12000
12000
12300
12400
12200
12400
12500
12600
12500
12800
12900
12900
13000
13000
13300
13300
13700
13500
13600
13700
14000
14400
14000
14100
14000
14200
14200
14500
14400
14600
18400
18400
14700
15000
15100
15200
15100
15600
15600
15800
15800
16100
15900
16000
15900
16000
16400
16400
16200
16600
16600
16700
16700
16900
16900
17200
17200
17200
17200
17300
17300
17600
17600
17900
18100
17800
18200
18200
18400
18800
18700
18700
19200
18800
19400
18900
19200
19000
19400
19500
19900
19700
19900
20100
20400
20100
20300
20500
20600
20700
20700
20700
20900
20800
21000
21200
21400
21500
21600
22000
22400
21900
22300
22100
22200
22400
35400
22700
22600
22700
23000
22900
23100
23000
23400
23200
23600
23600
23700
23500
23900
24100
24200
24300
24500
24600
24300
24800
24800
25000
25200
25400
25500
25800
25900
25700
25700
26300
25800
26300
26700
26800
26900
26500
26700
27400
26700
27200
27700
27300
27900
27600
28100
28400
28100
28200
28300
28300
28600
28600
29100
35600
30600
29000
29000
28800
29100
29500
29900
30100
29900
29900
30100
30200
30000
30300
30800
30800
30900
30500
31500
31200
31400
31400
31200
31600
31400
32100
31900
32300
31900
32500
32600
32800
32900
32800
33600
33700
33600
33600
33700
33700
33600
34300
34300
36200
40500
34900
35200
35200
35300
34900
35700
36200
35400
35900
36700
36700
35900
36600
36700
37200
37100
37200
37200
37300
37500
37200
37800
37600
38200
38200
38800
39000
38800
38500
39000
39600
39400
38800
40000
40200
39900
40400
40100
48400
41200
47900
41500
41600
40800
41500
42200
41900
42500
42000
42300
42900
42900
42000
42700
42600
43200
43200
43700
43100
43800
43200
44100
44200
44400
43800
43900
44200
44400
45100
44600
45400
45200
45700
47500
45800
46200
46200
46200
46400
46200
46800
46900
47000
46500
46700
47500
48200
48400
47900
47900
48300
48400
48500
48100
48900
48400
49800
49300
48900
49500
49900
49400
49500
50200
50400
51300
51400
50800
50600
51400
52200
51800
51800
51300
52100
51600
52300
53300
53500
53200
53800
54100
53500
52900
53100
54200
54300
54500
54600
55400
55500
55300
62000
55100
55300
56000
54900
55800
55400
55300
55800
56500
57200
56900
56600
57400
57400
57500
57500
57000
57300
57600
57900
57700
58300
58100
59800
59400
60300
59600
59300
60000
59300
59800
60100
60500
61000
61200
60400
61100
62400
62100
62000
62800
62500
61700
62600
62400
63700
62400
63600
63400
63400
63100
64300
64300
64400
64700
64500
65100
66000
65400
65600
65300
66100
66300
66300
66600
66800
66100
67200
68000
67400
67700
69200
75700
67100
68000
67500
67700
68000
68800
69100
69800
70000
69000
68800
69600
70800
69400
69600
70900
70900
70300
71400
71600
78400
71900
71600
71300
71400
72800
72800
73100
86000
73500
73700
73200
74800
74200
73500
73700
74900
75000
74500
74400
75600
121100
115600
116000
114100
116000
114200
115100
117400
116300
117900
118200
117200
117700
117000
118400
119600
119000
119000
118500
119800
118600
120200
120600
120700
123100
122600
119600
121200
121800
122000
122400
121700
122500
123500
123100
123800
124700
124200
125700
127300
126000
126400
127000
127300
126500
127700
127100
127300
132600
123900
109800
110600
112500
111700
111700
111900
110800
112600
112600
113300
113400
114000
108100
89200
89500
89600
89500
90900
89000
89900
90300
90000
90900
91100
91600
91500
91700
90900
93200
93400
93700
92300
93300
93600
93600
93300
94000
93500
94600
94700
94900
94400
94700
102800
96600
96900
96900
97200
98100
97700
96900
97900
98800
97800
98400
100000
99400
100400
98800
99900
98700
100100
100400
101900
100900
101100
101300
101600
103100
102100
101100
102600
103600
103000
103400
102200
103100
103700
103300
105400
104700
104900
103900
105600
105700
111200
106200
106400
106600
106800
105400
107100
106700
107700
107000
106800
108600
108000
108500
110300
110400
109600
109600
110200
109000
110800
111900
111400
111300
111600
111700
111500
112200
112700
113800
113100
113400
114800
112800
114100
114300
115800
115800
115100
115200
116700
115800
116100
116300
117800
116900
118200
117500
117600
117900
118400
117500
119500
119000
118000
119300
120500
119700
120000
120300
121500
120800
121000
122300
122700
121800
122000
125600
126400
123700
122600
124200
124500
124800
124700
125200
124500
124100
124800
126200
134300
126000
125500
126200
126700
127900
125700
127300
127700
126300
127300
134900
129500
129000
130200
131500
131600
129900
132300
131400
132800
133000
133400
138400
130300
131200
130900
132800
134000
132800
133400
133700
134000
134500
140600
134500
136000
136400
135600
137000
136000
137300
136600
138100
138400
138400
138500
138900
351600
346800
346800
255700
208700
210800
209100
211800
213600
214800
213400
212200
212800
213000
212100
213900
214500
216600
217000
216900
217200
217500
216800
217200
200300
182800
183100
183600
185400
184200
184500
184900
169700
148700
147400
147700
148400
147000
148800
148100
150100
149900
150000
150000
150700
149900
151400
152700
151900
151900
150600
152600
152000
152100
153600
153800
154300
190700
156000
154800
155100
153500
154700
157100
157700
156500
158300
157300
158900
159100
156700
158600
158500
158900
162100
157700
161100
159900
158200
160200
160700
159900
160800
161800
162000
162400
177500
245200
246600
247500
247900
247300
243700
247000
251700
249800
247900
250700
252900
251300
257300
252700
230100
223900
222600
221600
223300
266200
270300
252300
252500
255400
257700
242600
219400
221200
222900
222200
221100
220700
182000
173200
174600
171800
173800
175600
176300
175200
175200
175300
175900
177400
176300
176800
177000
177600
178900
179200
176000
180000
178800
180500
177300
182000
180300
179500
179400
180000
180000
180500
181900
184000
183900
183000
181700
183200
185200
185300
183100
184800
187200
185100
187100
187500
187000
187900
185500
189900
190100
190800
188100
189600
190100
190400
191100
190000
191500
193100
193500
192100
192500
192800
191800
196100
190700
192200
193300
194000
194000
195800
196700
197100
195900
198000
197200
197400
197600
197800
198200
197600
199000
200600
199700
199700
201500
200400
202000
200000
201700
199100
200900
202700
202800
204600
203600
202700
203800
203200
202500
203700
204800
207800
206300
204900
205200
206100
204600
205400
209000
206800
210100
207700
209900
209600
211700
212000
209300
209600
211300
213700
211100
215300
213800
213400
212100
214000
214400
214300
216200
216900
215600
217600
216000
216800
217200
217200
219700
217400
217400
215700
217400
219400
217200
222500
221600
219400
220900
222700
220000
219500
223700
222500
222900
223500
221000
221400
222000
224400
226500
225300
225700
226500
227900
225200
226300
229400
228000
225400
226900
227300
229200
231200
229900
230200
230500
232400
231200
231700
233400
232400
231400
233000
235000
231700
232000
235900
234700
233800
280100
349400
350500
350700
352300
354200
349900
351300
351400
354600
354500
354800
362300
360500
363100
359500
357900
364300
326000
307000
306400
309800
309600
251500
241400
246200
244900
245600
253500
245600
246300
245300
244600
247500
248500
244200
246400
247600
247000
248100
248700
248200
249300
250900
251200
251500
248400
250900
249600
252000
252200
253800
258000
250000
260000
254200
251400
252800
335200
376100
379000
382500
378000
383400
379100
385900
385700
387200
386100
384900
358500
322900
325200
322500
320600
265800
261600
262000
262600
261000
264500
263500
263600
265900
264900
266600
266200
267300
266400
268600
265300
267100
269100
266300
268300
270400
269300
267800
267900
270200
269200
271000
270000
269400
272600
272000
274800
276800
277900
276000
278500
278000
277700
274200
274300
278600
278700
277400
278900
281400
278100
279800
278700
275900
283000
282400
279000
282000
283000
282800
284500
286100
286300
284900
285600
287700
286800
286600
286500
287400
289900
289800
286600
289400
291000
289100
290000
292500
292800
290900
294300
290300
291000
287500
290800
296400
294700
291000
291400
293400
296300
298800
297800
296400
296800
299000
299300
300000
300100
295400
299200
299600
300000
297200
297600
300000
302400
298900
302400
305000
299700
303900
303000
304200
304800
305200
305400
306500
306400
308800
309100
307600
309700
306300
308100
309000
311600
308400
308900
310800
311200
312000
312000
312400
313100
313300
313800
314400
316500
315100
315400
315700
423900
790900
784300
626300
473700
472800
479200
473700
480200
481200
475600
482300
468800
343900
332000
327600
327600
344000
321900
321800
322700
346200
325500
324000
325700
439500
321900
323500
327700
326200
329800
328800
330700
328100
330600
332900
328600
329800
329700
419700
502300
500100
500100
503700
504000
503500
475300
444800
445500
543200
499700
504200
435100
428400
428800
380000
337100
337700
337800
338300
337300
341800
339900
340000
342500
341800
342100
341700
342600
343000
343300
344000
352200
349400
347600
347400
348100
349000
351100
491900
520200
524000
524400
527400
521100
528400
523300
526800
531000
529000
527100
527000
531500
532200
538100
528300
531600
493200
355300
358100
360400
360000
359500
528000
534500
560200
543000
537100
536700
543600
545700
547700
545900
493100
450600
454700
429900
360400
365900
364600
363300
366600
365500
367800
368900
364900
369800
369900
369600
368400
368800
370200
368200
370600
370800
371300
382000
369900
370300
373100
371500
371500
502500
781200
553400
561700
562600
566000
560200
557000
557900
572100
572700
572800
426700
378300
380800
382300
385400
382000
384400
382600
381400
382300
384500
386900
387200
385400
386600
394900
389100
388200
388200
393100
391700
391500
390900
625100
590900
585200
585800
589200
586400
592400
605200
553300
524000
521400
492300
500400
478700
400600
399700
400300
405100
396000
399300
397900
398200
400200
402800
401200
403200
402200
402600
399200
403400
403200
404500
404900
420400
408600
406500
407300
409300
409000
408400
408800
408300
411100
421300
409400
410800
416600
412100
413200
413100
412100
416100
416200
415900
419200
415200
409400
416000
412900
416600
415400
415700
418400
418200
415700
417600
415700
418600
424900
423200
424700
424000
433600
420700
422000
418700
420600
425700
425500
429000
428800
430000
435400
423600
428700
429800
432300
432600
429700
441500
431700
425300
434300
432200
433400
436400
444400
431800
432600
435100
431700
432800
436800
433200
434000
435900
439100
444200
436100
436100
445700
440400
439300
445800
443100
443400
443900
447000
444900
448100
455100
446200
442400
448500
450500
450800
455600
447000
445800
446000
453700
450900
453900
463100
449900
452900
453800
453200
454700
457800
461600
452300
1022300
1139500
711300
684500
682500
688100
683200
684100
598600
472400
472500
491900
459600
455500
465200
463000
464400
467800
464000
466300
465100
467500
469400
468000
468800
468600
468500
471300
470600
470000
475300
474900
475300
476100
472100
479900
477900
473000
478200
478800
481600
482800
480600
481600
480100
481600
481900
482900
483900
484400
484900
484500
485400
486500
486800
487500
489800
488700
486900
487600
502300
492700
490400
493300
494400
498100
498200
499100
496600
497400
499600
496900
499200
498500
500100
499100
499800
506900
499700
505300
506200
503900
503100
505200
508200
514300
500600
501100
507700
507900
508800
510900
542100
506200
512300
513600
514100
514300
509800
510300
513200
514000
512400
514800
515200
518600
517300
513400
515000
518300
521100
521900
519800
520400
523000
521400
576000
519700
517500
518000
524000
568200
526200
526200
526200
526600
534600
527400
524900
530400
529000
530000
529600
530300
531400
535000
533000
541600
529000
530500
536300
533600
535200
535400
540200
543600
534300
534500
539300
538400
558300
539500
541400
543500
545200
543600
544000
542600
539000
543800
548100
541200
549100
547000
549900
551500
547700
548600
550200
550000
553400
550100
552200
550300
553400
553400
556600
550500
555000
557400
556500
556800
557800
558200
561300
558500
560500
556500
560000
561700
561700
562300
565700
562700
575500
563400
563700
565100
568600
566600
566900
567200
571300
570900
566800
577400
568700
569700
568400
567800
569700
569000
572000
575000
577500
575300
575000
576000
587300
575900
573800
576900
578200
579100
582400
582800
580300
582000
588200
577000
582600
579800
579200
625500
584100
582300
589700
583700
587300
584400
584900
589700
593500
591000
644900
765700
588700
590100
600500
613900
591800
591200
597800
599200
593200
594500
602500
601100
600000
652100
897000
600500
605700
625000
601000
597800
619400
602800
599600
600100
600800
601500
616300
605900
608600
607000
608400
609200
609500
607000
615100
615100
607600
613100
1792700
959600
611400
614000
611300
610800
611300
626000
1127500
613100
618700
615100
611800
614400
615600
623800
686200
1334400
689600
679000
1842300
1274800
2151700
7795000
7790900
628300
628600
627000
625000
624500
625000
625800
634200
632100
629900
634700
633800
638800
637600
631400
631400
636000
644700
641800
639200
640200
640500
643900
639900
645000
640100
640200
847600
947400
949500
804000
759200
636500
640500
650300
1601000
924800
672500
645300
648200
650900
654200
646900
646800
647500
653600
658800
659300
659200
655400
660800
654000
655300
654900
655400
660300
664300
659800
661500
661600
666400
675800
659800
662900
665600
670000
667500
671500
667500
669400
673100
666700
675200
664700
667900
667300
668700
675600
669700
672600
671100
672300
674700
672200
791200
1005200
1011200
1012200
973400
838700
763900
670900
671600
680900
675300
673200
681800
682200
682700
680100
685800
690900
687400
684900
686500
831500
739900
742100
692200
700300
693100
694400
694500
695400
696000
699400
700800
697900
692600
702300
697500
699800
700600
701300
698600
702000
705800
1451100
755300
712100
747500
700400
708600
708500
709400
702400
705700
710500
709800
710800
712600
712500
721500
717000
719900
714500
716400
714700
716700
716600
713700
715500
1041300
721400
736300
720400
727500
720600
728100
724100
730200
729500
732300
725600
729600
732400
728800
731400
729000
728700
731500
733500
731900
759300
735000
758700
740200
732900
741600
739600
739900
742000
743100
746800
5545700
743800
1059600
772200
738800
744700
745000
742500
746100
743500
752800
747400
756700
746600
746500
757500
751800
754800
754500
751800
754800
755400
754400
754000
767000
755100
765600
755000
760700
758100
758100
758200
756600
759700
763400
764100
767900
761500
751600
758300
758900
763900
756800
761100
827800
3167000
4618500
863100
758100
766400
758300
758900
760500
776600
765400
771400
785000
1174900
962000
966900
790500
779100
776400
779700
777000
781100
779700
791300
783100
780900
777600
789600
779000
786500
787100
790500
790600
789300
785500
783500
785500
784200
786200
786700
786700
791100
787300
791700
797000
791500
791600
791700
792000
797400
794800
799700
792200
793600
793300
797000
798500
802700
793800
791700
795700
795400
800600
794400
796400
799300
797700
800200
800400
804100
802200
896900
1446200
1197400
1198200
1216700
1209100
1220500
1223800
1170400
1033300
852100
819800
1014300
1020800
1266300
1694900
1218100
1219500
1063200
941500
822400
825500
823200
823600
834400
827100
824600
826000
820200
886100
823400
829800
830200
833200
830900
824700
831800
831200
833400
885000
839500
833700
844700
837900
844700
842200
844200
843600
995000
1046900
1049600
851400
839000
841800
855500
844800
841000
845100
845100
851500
854000
858400
848500
849300
850300
853200
1288700
1279600
1284300
1275500
1283400
977200
853700
853000
864200
857800
861000
859200
859000
861100
860100
866800
859200
863300
861000
867700
868400
865300
871400
861300
861000
865500
873100
868900
869600
876200
865600
867500
870900
866700
860000
868500
863100
873400
874100
872200
876200
873100
874800
878300
878400
876000
877600
875000
877100
879600
880800
879200
882000
882200
886000
883300
887200
886900
886500
888100
886100
890500
887800
891800
889600
893200
893400
895100
889200
885700
893200
897400
897200
898100
895900
897300
888500
901900
895300
901800
899200
900000
900600
902300
905100
902700
902300
908000
904900
903700
905900
907800
907400
911600
908400
902600
911000
911600
911700
913100
912900
917400
914400
921400
912900
913300
911500
918400
920000
919800
924200
920500
914700
926300
923900
924400
925900
925400
929000
933600
922200
926500
931300
933300
929400
934700
934200
932000
935500
933100
937200
937800
939700
937000
940000
929000
934800
1284400
1397800
1398000
1414600
1362800
1201800
952400
945700
935800
936300
944700
946500
951000
946500
970500
950100
950700
953300
951800
952500
950400
958200
958900
958700
957100
955100
960700
960200
957700
960300
969100
962300
962700
957800
961700
964300
956500
965200
968800
963800
971600
971400
973300
966400
966000
970400
1109600
1444800
1451100
1446400
1421300
1230600
974400
972100
977400
982600
970800
978100
980000
984200
1287600
1467000
1479100
1469000
1459500
983900
982900
982800
992400
991200
986200
987100
981500
1002100
996000
997100
992900
993800
994300
996400
997100
999900
997100
996600
998300
1002600
997900
1001000
1001700
1011800
1281100
1509700
1509700
1506500
1262800
1002200
1007600
999000
1009800
1001600
1001700
1007700
1012800
1474500
1517500
1518400
1526000
1370700
1143300
1024600
1024900
1009000
1018900
1019800
1023800
1023200
1030500
1019400
1026600
1025500
1025000
1024500
1026900
1028200
1022600
1024700
1033500
1028300
1031200
1030600
1028500
1031000
1037900
1034300
1035400
1034000
1036500
1036900
1042600
1029900
1036500
1034700
1044700
1043400
1033200
1042600
1045700
1050000
1040400
1045900
1046400
1045300
1047600
1049100
1053100
1051600
1048900
1053400
1054600
1054500
1059100
1056000
1060100
1057300
1062300
1055300
1056100
1058000
1053900
1056500
1053100
1056500
1064400
1061400
1065700
1073700
1064700
1067800
1068400
1062600
1067300
1070900
1063300
1066400
1070200
1072300
1073500
1066100
1072100
1075500
1357900
1614100
1604900
1605400
1353200
1238200
1608800
1621800
1639100
1593100
1104000
1093200
1082800
1087500
1096100
1090800
1088400
1093600
1094500
1094300
1092300
1092000
1096300
1090800
1097800
1104200
1091900
1100600
1097100
1102200
1102100
1102500
1099800
1094600
1101600
1102900
1097800
1104700
1103800
1517500
1646100
1646400
1656000
1298900
1112200
1104200
1115600
1116400
1105300
1105500
1116000
1112100
1120900
1115000
1123800
1118200
1117300
1124100
1118500
1119500
1121300
1123300
1120100
1122900
1122900
1128100
1131700
1124800
1120700
1132100
1127800
1130000
1132100
1124800
1128100
1131600
1133100
1134200
1135900
1137000
1128900
1129200
1140100
1142900
1146200
1130800
1148100
1132900
1144800
1143600
1144200
1145000
1419200
1321700
1138900
1138800
1142100
1154000
1138100
1145500
1156900
1152900
1159300
1158300
1160000
1152300
1167500
1160900
1155900
1158700
1149800
1162600
1167500
1160600
1161900
1164100
1167900
1160200
1165400
1724700
1747700
1734800
1688400
1398100
1161300
1163600
1185200
1177100
1177500
1179200
1183100
1185400
1181900
1179000
1184900
1191300
1188000
1189200
1189200
1186900
1190800
1191500
1194000
1193700
1197800
1316300
1186900
1187700
1190500
1188900
1195400
1196900
1210500
1203100
1197600
1196100
1203400
1205900
1210500
1215900
1207400
1216100
1220000
1220900
1217500
1214800
1220800
1225700
1227800
1211700
1223900
1224500
1227300
1227400
1222700
1227300
1231700
1226800
1229200
1235700
1222700
1231800
1226900
1233800
1239900
1224700
1224100
1242300
1235700
1242800
1238900
1240100
1241300
1237800
1240200
1240600
1243800
1369700
1857200
1862700
1860500
1633800
1283600
1232200
1231200
1245200
1234700
1243700
1255300
1246600
1249000
1242100
1239200
1240100
1244300
1243400
1240500
1246800
1245000
1244500
1246500
1257600
1251100
1245900
1256000
1251400
1253800
1249700
1253800
1261800
1255500
1259500
1252900
1261500
1262900
1254400
1260000
1261100
1256800
1255800
1254600
1257200
1268100
1271500
1259100
1358900
1907200
1905300
1906800
1544400
1278500
1268600
1278700
1269800
1273800
1275500
1707500
1911600
1931000
1815200
1456500
1293800
1302600
1281500
1288000
1284600
1534500
1911800
1912900
1916500
1445000
1292400
1290600
1294600
1299000
1298100
1305900
1303600
1299200
1307500
1305400
1310300
1307800
1310700
1311500
1308100
1309300
1311500
1417800
1970600
1954300
1819700
1485800
1334300
1317600
1315200
1319300
1315400
1326500
1321300
1316500
1308100
1320300
1318600
1315200
1321600
1323100
1310500
1320200
1324900
1322700
1313100
1316300
1322800
1330000
1326100
1330600
1339300
1328400
1338300
1323800
1337800
1330500
1335600
1330400
1347700
1333400
1338800
1323700
1344200
1339100
1337800
1342600
1337400
2030300
2006100
1998900
1782800
1346600
1344100
1351300
1346600
1359100
1363500
1642200
2017600
2024600
1751300
1350600
1361500
1364300
1352900
1358200
1473700
2059600
2046400
2038600
1385600
1360100
1370500
1379800
1378700
1380100
1377800
1372900
1381700
1383200
1385800
1378700
1387800
1382400
1390800
1386900
1391100
1396900
1384600
1390900
1394200
1393500
1391500
1398300
1391800
1397100
1399300
1395400
1407300
1392700
1395000
1404100
1399700
1403800
1410100
1406500
1413700
1410900
1409700
1408100
1408500
1403500
1404200
1414300
1416800
1404700
1396700
1422700
1413800
1410200
1415600
1418800
1418900
1415700
1415500
1419500
1416800
1417900
1419400
1418900
1426000
1421000
1892000
1418000
1424600
1426700
1412800
1428500
1426400
1424700
1419100
1420000
1417100
1436000
1427100
1438100
1438200
1429200
1441400
1437700
1437300
1439100
1429900
1435200
1439500
1440200
1441800
1448500
1435500
1449000
1438500
1448300
1442400
1444600
1458300
1449900
1459500
1440700
1443500
1453500
1454400
1460000
1456200
1457000
1457700
1476200
1461500
1462100
1461200
1463800
1461200
1464100
1466800
1465700
1467400
1456800
1458300
1474000
1475000
1471100
1471500
1468000
1472900
1480000
9995600
2750600
1483800
1482100
1487100
1492200
1539800
1860700
1560800
1466300
1485200
1484600
1485400
1498000
1488200
1505600
1689700
1500000
1486000
1494800
1502600
1499300
1497900
1507200
1502900
1499500
1505400
1615700
2250200
2015000
1560500
1499800
1494600
1493500
1507900
1520200
1509900
1604300
2274600
2271000
2159100
1684900
1499700
1500400
1516600
1518100
1733000
2270500
2082400
1625700
1510800
1501700
1504500
1502300
1518600
1523100
1515900
1515900
1518400
1520800
1525600
1518600
1523100
1522300
1522700
1524000
2324500
2300000
2275000
1761700
1520200
1527800
1529200
1521700
1714800
2272100
2307200
2191900
1741200
1534400
1547400
1537800
1543300
1547500
1540300
1540700
1544400
1555400
1571900
1572200
1564700
1565900
1567000
2098300
2332100
2345500
1785400
1566100
1554100
1566100
1560900
1580000
1553300
1570700
1565900
1580300
1559600
1561800
1553600
1568100
1564600
1566900
1558900
1563400
1561900
1570600
1559200
1559200
1571600
1573600
1579600
1573700
1576100
1576700
1581400
1589100
1575500
1579900
1582300
1586700
1584600
1927200
2355600
2371800
2021700
1584100
1585800
1595000
1578600
1588000
1593500
1593300
1583500
1596400
1595500
1597100
1602600
1599100
1602300
1729100
2369700
2393700
2198200
1671600
1586200
1610200
1602400
1609200
1609900
1613800
1608400
1609000
1613200
1611100
1612700
1618100
1620000
1618900
1617200
1618200
1617300
1616200
1632000
1622500
1627300
1629900
1626400
1626600
1626100
1625800
1625900
1635200
1621700
1631200
1624100
1631100
1637700
1636000
1635900
1632400
1639000
1637900
1638300
1634100
1626700
1642200
1647400
1633100
1646900
1645200
1642500
1653900
1647900
1647100
1647300
1650000
1654700
1652900
1650400
1661200
1661000
1656500
1674800
1661400
1666000
1662200
1663500
1664100
1661300
1671200
1680100
1660800
1666000
1666500
1666000
1675600
1672100
1676500
1672900
1677500
1679000
1671400
1676700
1675700
1686500
1681400
1680200
1682300
1683900
1694300
1680800
1686600
1685100
2196200
2512000
2439900
1875900
1678000
1679500
1700500
1693200
1706900
1682500
1683500
1688700
1686200
1697300
1702800
1684300
1686800
1701700
1705900
1695200
1699000
1716400
1700400
1708200
1702900
1712100
2283900
2564400
2561700
1975500
1697300
1705900
1716300
1717500
2297500
2552300
2514600
1985400
1711700
1709600
1735200
1748800
1725000
1743200
1737400
1736100
1746000
1746100
1749700
1746000
1746600
1744900
1745600
1745700
1748400
1751000
1756800
1756000
1753400
1766000
1771100
1763200
1770000
1765700
1783900
1767800
1778500
1772300
1786700
1766900
1772900
1777600
1785400
1782900
1778900
1791300
1775700
1784200
1783000
1784100
1796800
1782300
1797100
1786000
1789500
1792200
2539500
2666300
2681400
2720100
2120500
1772600
1782200
1956300
2659800
2667200
2279800
1780400
1789700
1779500
1794900
2951500
2634600
2392300
1780600
1785400
1791200
1810000
1803500
2352900
2702900
2457500
2041400
1792200
1792700
1798600
1811200
1800400
1799700
1802800
1802900
1809400
1799700
1809100
1804300
1808700
1809600
1814600
1808500
1814700
1817500
1808700
1814300
1815700
1854100
1820500
1814700
1819000
1832500
1817500
1826100
1825700
1973400
1809000
1809500
1812500
1836100
1835300
1834000
1826900
1831600
1853300
1830900
1834600
1834600
1832300
1841100
1835400
1845100
1843300
1844500
1847300
1842100
1845500
1851200
1845200
1846800
1850200
2728900
2762100
2539200
1847300
1838800
1839700
1857800
1866500
1854000
1868800
1869900
1873000
1877700
1857000
1858000
1868500
1861900
1881200
1877400
1878900
1881200
1886300
1880100
1891500
1884100
1891100
1892300
1877800
1889000
1887900
1891300
1898000
2764400
2842300
2385000
1882600
1902300
1903200
1885800
1884600
1891800
1888900
1888000
1884400
1871900
1869500
1885900
1887900
1871800
1884100
1876100
1891500
1876800
1890300
1888700
1896700
1878800
1897400
1894100
1901100
1896800
1902800
1897400
1908900
1883800
1906400
1908000
1903700
1905000
1910200
1892000
1896000
1911300
1912500
1923700
1904200
1898400
1897900
1926500
1906600
1918900
1927700
1923000
1923200
1918500
1920200
1918800
1906200
1920300
1908900
1927600
1913500
1926300
1934200
1931900
1924900
2717200
2994200
2749100
2078000
1942800
1952600
1933300
1939300
1952700
1968800
1968100
1969900
1968600
1969200
1966300
1967500
1976200
1978800
2047900
1985400
1990900
1990800
2000700
3518800
2802400
2224300
1977100
1972300
1986300
2409900
2971700
2864700
1959500
1961400
1961600
1974800
1983200
1968700
1985700
1966800
1982600
1985000
1987900
1991500
1995000
2065300
2952900
2834900
2149100
1977100
1978400
1999600
2031400
1999400
1983400
1995000
2001000
2001000
2004000
2012600
1988900
2012300
1989900
2000200
1992200
2000200
2006800
2059600
2001000
2016000
2016900
2017800
2021400
2021900
2019500
2032600
2011900
2023900
2006100
2007400
2024300
2026500
2026500
2767900
3016300
2643500
2037100
2032000
2047900
2332900
3066400
2862400
2142900
2056300
2048400
2384300
3277200
2905200
2174700
2043000
2043900
2045100
2126600
2045100
2054700
2066500
2070100
2070400
2068900
2396200
3089700
2854500
2277100
2064100
2065500
2064300
2067700
2071000
2081600
2067100
2066300
2072400
2071100
2072800
2074900
2071000
2074600
2074500
2075300
2081000
2074500
2067100
2072400
2080800
2082700
2081500
2083000
2081600
2086000
2095900
2086800
2094500
2092200
2094200
2078900
2092100
2521400
2079800
2088100
2098000
2082600
2092900
2083700
2681200
3127700
2833400
2102400
2107000
2121400
2122000
2123400
2122700
2121200
2129300
2115900
2130200
2119700
2136800
2137100
2131100
2128800
2138900
2155100
2142800
2755100
3201200
2732300
2153700
2122900
2137800
2148600
2127300
2134300
2134700
2118800
2138500
2117600
2138800
3184600
3192400
2309500
2130600
2149500
2156800
3018400
3214600
2638200
2143100
2144200
2147000
2807100
3208800
2637300
2135600
2136600
2144000
2163000
2142900
2176600
2160100
2162600
2168500
2171300
2163700
2163400
2175200
2168600
2174100
2170900
2165100
2171500
2183700
2170100
2180300
2177200
2177000
2180900
2180000
3120200
3248300
2542500
2155600
2162700
2181300
3048000
3265800
2565000
2183500
2172800
2188800
2210800
2190100
2213200
2215300
2208800
2211300
2209800
2208100
2221600
2218500
2216600
2216100
2221500
2227000
2884800
3313100
2684400
2216600
2228900
2209000
2228700
2225500
2231400
2217200
2216800
2218800
2221600
2223600
2201600
2208100
2218200
2231000
2225600
2231300
2796100
3356500
2939000
2223200
2232300
2238900
2235700
2235100
2232400
2241400
2245600
2243500
2246100
2504000
3332300
3091100
2245800
2231900
2240600
2250100
2250300
2271900
2267200
2276500
2272100
2272600
2272700
2257100
2256100
2257100
2282700
2276400
2281900
2274000
2287800
2298400
2299300
2299700
2297200
2354900
3480800
3184800
2346700
2301600
2303200
2277700
2280100
2296600
2302400
2305500
2290800
2284400
2286700
2284800
2281500
2289400
2293500
2274000
2277200
2302000
2604200
2278900
2278500
2303200
2300400
2307200
2310300
2307500
2314200
2305500
2290600
2307800
2307100
2313400
2310200
2292500
2313500
2310800
2313400
2316800
2315600
2973300
3515100
2555200
2306200
2318100
2325000
3228400
2721500
2340200
2338000
2331600
2344100
3419600
3328400
2354700
2339000
2333500
2389800
2352600
2336100
2327300
2340500
2341000
2350200
3054500
3492400
3030800
2330200
2331900
2350700
3754200
3346800
2448100
2340300
2338700
2342600
2349100
2500000
2421200
2370400
2362600
2384600
2430900
2419100
2429800
2380500
2425500
2395900
2394200
3564000
3357500
2569800
2371000
2393200
3243600
3589900
2932100
2393500
2397200
2398300
2418700
2435300
2383700
2403900
2413100
2420600
2801400
3624000
2959500
2400000
2403800
3118900
3589700
2760900
2411400
2412000
2424700
2417800
2422500
2403400
2423400
2431000
2404400
2408400
2421300
2436300
2447700
2445000
2449600
2456400
2426800
2442100
2426700
2456800
2454400
2447200
2458900
2437600
2460400
2451600
2465200
2456600
2488300
2465700
2465000
2461600
2468900
2464800
2745200
2588500
2453100
2455500
2453900
2474300
2459700
2463000
2463700
2466200
2484400
2480100
2479700
3162200
2466900
2471800
2528100
2554100
2480800
3867400
3574800
2652800
2637900
3683600
2996900
2471700
2476700
2475500
2580200
2532800
3546300
3578600
2709000
2485500
2596700
2867400
3680000
2724200
2488300
2499300
2798900
3066400
2473400
2470300
2475100
2476000
3224200
3743100
3714400
3498500
2514700
3274500
3219200
2497700
2654500
3412000
2499400
3221800
2867300
2504800
2519800
2511800
2521800
3111700
2523100
2506800
2492700
2514500
2516900
3618600
3749400
2926300
2525700
2534200
2540600
3588500
3454200
2668900
2539000
3107300
3952100
3452600
2528900
2533200
2572900
2532300
2542400
2554700
2534300
2557500
2554500
2543300
2629600
3839500
3422400
2594500
2560400
2546100
2566500
2555200
2551900
2543600
2561700
2541300
2540900
3643700
3658200
3019200
2974300
2561700
2563500
2569600
2552400
2573200
2548900
2567400
2576000
2573500
2580500
2880400
2611100
3351300
4004800
3226900
2607000
2581300
2594500
2597300
3296900
2697600
3873100
4127600
3256300
3422500
4025400
2990000
2620000
2608300
3015800
3709800
2622000
2658400
2647200
2616400
4593300
2989700
2699900
2622600
2615700
2827800
4089800
3528800
2644400
2626200
3948000
3358000
2646500
2636800
2637500
2768800
3323200
3435800
3324200
2820500
2704600
2649100
3846500
3242200
2648900
2656400
3449500
3745900
2641800
2645700
2648200
2647200
2689600
3429500
2638500
2640600
2635900
3849200
4153100
4009400
3259800
2634400
2663600
2812700
3988000
3634700
2686400
2822400
5155100
3788800
2752600
2682000
2660400
2664800
3991600
3681500
2664400
2674200
2709700
3419200
3648100
2678600
2694900
2878800
3822000
2686000
2685700
2701600
2701500
2719200
3065700
4068100
3039800
2707900
3740800
4081600
3957400
2833400
2722600
2692200
2719000
2694600
2701600
2702200
3569400
4126400
3066200
2771800
2908500
3571600
3144600
3185800
3047600
2792300
3644000
3429200
2993300
3796200
2719100
2724400
2768000
2732400
3726700
3985800
2945200
2745700
2737400
3450800
4052500
3023300
2770100
2741900
3190700
3095100
2750700
2728900
2754500
2734900
3682400
4136800
3377700
2729400
2742800
4160800
2798500
3248100
3834800
2806100
3228600
3078800
2764900
2769900
2765600
2766500
3736800
3980700
2909500
2769000
2789700
3134600
2770400
2790700
2796900
2805400
2822800
3383000
2790800
2812400
2795100
2803900
3614600
2806800
2816800
2821800
2827500
3296200
3394400
2841100
2827200
2827300
4008300
3599300
2817700
2816600
2796100
2838200
2798400
2822800
2794700
2808600
2804900
2801500
2800000
2809600
2790400
2815800
3099100
4223200
3859000
4221100
3406300
3352300
2817800
2827400
2820400
2846300
4253600
3723600
2820100
2826500
3393000
4249500
3271200
3597700
4186500
3020000
2846000
2844100
2860100
2832100
2832500
2824300
2847400
2830800
2854200
2860600
2857000
2865500
2847200
2852500
2847400
4997100
4146600
3196600
3189700
2861800
2859000
2862300
2903000
3423100
3934400
3650000
2940800
2925300
2893400
4106100
2884000
2908900
2900000
2924400
3164100
4529400
3221700
2894700
2894300
3449900
4528100
3223800
2899200
2891400
6634000
7448300
3129200
4207100
3144400
2918400
2928800
3557500
4569200
2933700
2934100
2974200
2940000
3533200
2923100
2945400
2928300
3339800
3119400
3991000
2930400
3145500
3488700
3056700
4855600
3427400
3218500
2930200
3899600
3482200
2945500
2926100
2932100
3559700
3252000
2963500
2959500
2955900
2960700
4595600
4477900
4047300
2967000
4371600
3883200
2972000
2974700
2965400
4808100
4414700
3092300
2969200
3585400
2976700
2984800
2995200
2996700
3086700
4925000
3537500
3004600
2996200
4145200
4313400
3131800
2983100
2969800
4311500
4386000
3026400
2995700
3019500
4640500
4059600
3020300
3006400
5234600
4312800
3116900
3011700
3086300
5246000
3004700
3019400
2991200
3271800
3180800
2998700
2989000
3006600
2997600
4197900
4058800
3015900
3823600
3885400
4601100
3208500
3562400
4019400
3632300
3035600
3109300
3066400
3050700
3689000
3058500
3052400
3053500
3061300
3977500
4322000
3952300
4296000
3772100
3229100
3066600
3061200
3039100
3979200
4494300
3255100
3057300
3062000
4694400
3708600
3079500
3049300
3372800
4814500
3243400
3078400
3055100
4051400
4595600
3966500
3075500
3192200
5028200
3409300
3073300
3068000
4016600
4622800
3811300
3094600
3413200
4213300
3190500
3128600
3096300
5057200
3198000
3115800
3100700
3106600
4342400
3385700
3178700
3331700
10123900
18295400
3169200
3135800
4088600
3626100
3173900
3159300
3144000
5184300
3792300
3123100
3157700
3237100
4157000
3180300
3170900
3176600
4532900
3482200
3156900
3147700
3176300
4584100
3329200
3220200
3179700
3199800
4024900
3250200
3154000
3158400
3188100
5393800
3277100
3183800
3202100
4855900
4512700
3183400
9409500
3267500
3193500
3193500
3209500
4040000
3972800
4490700
4593300
3606700
3179800
8838300
3296900
3188400
3197700
3183200
3197600
3943000
4607100
3307400
3165400
4284400
3948300
3174000
3175000
3181300
4933200
3969600
3173100
3177900
3178700
4719400
4386000
3207200
3205000
3409900
3183600
3184600
3187300
3178200
3201200
3187300
3173000
3219500
3195900
3214300
3203000
3216500
3245700
3255900
5994700
3586800
4145400
3676800
3623900
4090600
3237200
3253800
3470100
3465100
3348200
3267700
3297200
3279000
3731400
4047700
3264100
3260400
3280900
3948600
3783200
3252900
3261400
3274100
3394100
4440700
3543400
3293700
3403300
3285800
3300500
3285200
3284600
3401800
3289800
4533100
3715900
3287800
4223200
5074000
3578300
3342000
4310500
4111800
3302100
3283900
3295900
4101800
4817900
3691600
3297400
3374500
3293100
3312300
3296000
3310600
4760600
4251300
3296400
3276400
4045100
3302000
3390700
3289000
3300500
4164900
3794400
3308900
3312600
3309900
4909700
3944100
3338900
3591900
3982600
3411000
5264000
3508400
3566700
3342800
3328200
3330600
3328400
3540900
3333000
3334800
3330300
3971400
4896100
4242800
3335400
3377300
3914100
3415400
3342600
3362400
5006900
4236600
3386300
3886400
4526400
3825700
3341000
3381200
4851000
4803700
3358800
4168000
3361100
4367500
3859300
3382900
4104200
3957200
3637800
3377800
3365500
3355400
4309900
3351200
4079200
4825000
4499300
4324600
3379000
3422500
3712000
4959200
4121000
3769900
3814600
4891400
3658700
3386500
4772700
4226400
3414400
3392500
3420200
4932300
4255500
3411500
4647500
3692900
3421100
3416900
3846100
5216100
4999800
3552200
3404600
3964500
5023500
3474200
4995400
3968000
3423800
3437100
3425800
3427300
4757400
3528100
3468900
3417500
4655200
3430500
3460500
3451400
4515200
4774500
3489100
3431100
3496600
3482300
3479000
3462000
3479700
3462800
3481500
3463200
3496800
3494600
3467900
3496400
3469600
3484900
3482800
3936800
4956600
4266700
5029000
3663000
3485000
4585100
4596300
3459000
3463400
3472900
3466200
3467600
3487200
4023700
5143800
3686800
4090900
4380100
4404200
3492700
3481300
3513900
3521900
3533200
3550000
3518700
3513600
3545000
3542300
3536100
3524800
3525600
3541400
3553200
4529700
3538700
3534700
3526700
3583300
3529300
3560400
3552000
3541300
3538800
3549900
3532600
3544800
3560500
3555500
3566700
3561600
3581200
3567700
3566100
3572700
3565700
3555600
3578900
5139000
11533700
3645400
5773400
6598800
6630400
3943400
3728100
4663800
3629000
4058500
3598300
3952400
3620500
3660400
3623400
3624200
5027300
3643800
3597600
4001700
5889200
3811100
3599100
4608800
4831300
3566300
3564100
5025200
4552800
3561900
3589100
3551000
3564200
3586900
3590200
3582200
3589800
3600400
3590200
4309500
5151400
3641300
3602700
3609800
3592700
3615000
3638100
3721300
3617900
3641800
3658200
3875600
5393300
3836100
3631900
4637100
5179400
3674200
3641000
3617900
3642400
3654700
3667500
3639700
3673700
3662900
3667200
4873800
5235300
3684600
3642800
3708200
3650100
3655800
3678700
3688600
3694500
3677500
3694500
3712700
3660400
3693400
3700100
3923000
5470200
4123000
3663800
4532800
5116000
3631800
3632800
3634200
3665100
5725500
5459400
5197500
3676700
3665500
3667700
4262900
5395000
4153500
5889400
3898300
3675400
3684900
3684900
3772000
3710200
3711900
3736800
5022000
5565300
7808500
4206500
3722300
3999400
3756700
4485600
5032700
3715000
3781600
3717400
3674000
3705800
3709600
3704400
4081800
3683300
3695700
3711400
3707000
3687100
3718700
3706500
3716500
3696000
3696300
3702200
3701400
3702100
3702000
3702100
4094400
5586600
3790600
3759600
3738200
3732900
3766600
3761400
4640500
5072900
3743500
3741200
3752100
3739900
3724500
3754500
5097100
4696800
3743600
4040600
5607600
3845100
3758900
4900300
4903200
3793500
3934300
5917200
4049600
3794700
4947200
5018700
3774800
3779500
3770800
3754600
3756100
3758700
3783000
3795600
3791100
3787400
3767500
3799000
3767100
3794700
5150000
4727300
3797000
4120100
5587700
4027800
3804600
3792000
3799800
3808800
3784800
3807800
3815100
3792200
3818500
3828200
3820400
3824900
3821400
3827700
3827500
3804700
3826000
3801000
3804000
3808000
3836000
3836900
3841500
3812300
3818000
4166800
5983700
4089000
3850700
5288900
4594800
3856200
3865700
3849600
3850800
3876700
3883700
3877000
3883900
3900600
4377700
5686600
3863600
3864200
3891500
3860400
3841200
3866300
5336600
4626300
3884700
4498600
5638900
3994000
3891000
3922400
3858100
3887300
3862800
3873100
3862500
3861500
3886000
3882400
3869300
3903600
3897800
3900100
3881500
3911500
3906800
3919400
4818700
5937500
4413400
5227800
5091800
4016700
3938400
5498400
4042300
3966000
4001900
4465800
4618500
3973200
5841900
4502200
3949400
4616400
4420300
3940800
3943000
5699200
4845200
3942500
4517200
6250700
5757400
3989600
3966400
5797000
5350700
5706000
4232500
3968200
5552400
4634400
5775500
4050400
3966400
5848800
4818400
4179200
3973700
4028100
3950900
3941000
3967300
5498900
4811500
3945100
5135500
5344600
3997700
4216800
5771000
4237000
3985600
5785400
4734800
4016400
4006600
4021900
4050800
4029200
4053200
4055100
4050200
4039700
4069600
4484700
6484900
5869600
5105800
4337700
4033600
4006600
5595400
5279200
5668600
5085900
4266300
4091400
4061300
5811400
4290100
4044400
4188500
5637800
4455100
4091500
4849100
5078500
4095500
4146700
6603900
4220600
4072500
4268300
4129100
4082300
4053400
4716500
5834700
4064900
4107300
5542200
4716500
4062000
4293200
4059100
4085900
4103800
4294400
4090500
4106800
4129700
4610700
5886100
4084200
4089600
6051500
5720000
4146300
6141100
4321600
4088800
5434000
5046500
4158800
4111000
4120800
4437600
4121600
5956000
5977300
4126200
4150700
5057300
5493600
4139200
4110700
6050300
4378500
4142800
5036500
5370300
4507700
4155000
4432800
4634500
5885300
4780200
4229200
4148600
4170400
4985100
5541900
4187500
5314000
4799400
4328800
4225000
5611000
4528400
4171200
5206900
4999100
4671800
4199000
4399000
4215700
4157900
6350000
6004600
4388000
4197700
4966000
4734100
4183200
4318600
5970100
4199100
4229800
5626400
4182300
4184000
4220600
5960400
4556500
4190600
5402300
4841400
4298500
4303300
5782800
4430500
4408500
6963600
4756200
9110800
4417500
4468800
7106400
5220000
4669300
5871000
5463100
4274200
4754300
5128700
4482500
4268800
4292400
6316800
4941700
4264400
5517700
4997500
6504800
6397900
4283000
4247800
5160800
5464700
4241600
4236700
4375700
4270900
4346800
4272500
4290300
5296300
5551200
4388500
4338000
4278400
4299400
4359900
5508400
5380700
4278000
5482100
5878400
4244700
4266200
4264000
4281700
4300700
4313400
4301400
4296200
4315500
6623400
4944100
4342900
5894900
4990900
4291100
4313600
4294500
4277800
4299800
4287600
4284200
4286200
4917900
6071100
4273000
4276800
4280100
4272500
4283700
4295900
4294400
4278900
4299600
4289400
4312300
4292600
4295100
6200000
4721700
4307200
5785800
5158400
4306800
4298100
4303600
4317000
4329200
4302500
4309900
4306500
4354300
4340600
4312600
4322400
4314400
4313900
4322100
4320600
7969800
5369000
4381800
4350300
4357100
4367400
5063500
5828900
4347600
4364500
4365600
4340600
4360700
5565100
5750000
4371000
4379800
4375200
4377000
4375000
6017700
5095000
4384200
4406600
4400200
4390200
4380900
4364600
4385400
4383500
4405000
4411400
4720400
6611900
6367400
5226900
5903600
4860600
4487700
5570600
5220300
4449300
5006600
6414100
4490100
4740400
6205100
4525600
4474300
6779200
4490600
4463200
6202800
5171300
4437900
5232700
6301000
4427900
5820900
5306200
4503900
4793100
5192100
4490400
4537000
5259300
4582800
4479900
4621200
5335900
4525200
5915600
6877600
4827300
4489100
6435800
5047100
4501800
5124400
5691800
5078000
5531400
5447300
5293700
4539400
4529000
4529500
4511600
5192100
4500700
4471600
4758800
6782400
6745100
5555900
6007400
6032400
5912200
5100900
4510300
5269100
5203600
4514700
5313300
6076700
4587300
5951200
5972600
4929700
5625300
5488800
6066700
11582900
4551700
4529700
4678700
4558100
4555400
4580300
4630700
4562200
4563800
6285300
5447200
6080900
5325100
4571700
4591500
10988400
4615000
5142000
4810900
4612700
4577700
4589600
4606300
4583800
6031000
6922800
5954400
6172900
4565700
6132500
6720100
4577600
4675900
6022700
5376800
4610000
5732500
6104100
4617500
5389300
6780100
4701300
5515200
5977100
4770700
5666000
5022700
4664000
4629400
7303100
4678700
4636000
6840900
4652100
4652600
6723600
5005700
4607900
5086200
5952500
5467100
5869000
5687200
7463400
6237200
9030200
13084300
6983400
5519200
4995500
5277200
6622000
5109200
5471800
5869800
4994300
5364800
4793900
4879300
4781700
5925200
5155500
4702300
5488600
4830800
4748400
5580100
4937000
4766200
5446400
5656700
4747400
5100800
6217500
5198300
5044600
5795300
5404000
4750600
6786700
5736900
6514400
5788800
5006300
5884700
5143900
5613400
5244400
5714800
7158500
6473000
7081400
5697700
6288100
6234300
6079000
6353800
5347100
11474700
28641200
6408300
4760800
6648500
41874900
7782000
7131000
9372600
5132700
6943800
15117000
17611400
5832600
4851000
4929000
5904300
4941100
5173700
5761300
5125200
4863300
6178200
5006200
4868700
5672800
5175900
4906700
4891700
8472400
4993300
8218300
8161100
7192400
10481700
4993700
5928300
5149400
5317900
5486500
11275100
5139300
5046000
5017500
5113100
4957500
4872600
4875400
4870300
4848200
5899200
6530400
6587600
8043800
36410400
9744800
25649500
19183200
5732200
4890400
4952500
6166800
4900300
5409700
6133900
4877300
5116300
6881900
6021900
6926400
7544600
5703000
5875200
5039000
4910600
4856100
8111600
5555800
6677600
6174700
6145600
7885100
7298400
8170700
5081300
5041100
8855100
6720100
7746900
4860400
4861200
7317900
6295500
6232300
5831400
9869100
9773100
7996400
8725000
9971300
6632500
7696000
11533700
12302600
11211800
10672600
8875300
7545100
9459300
7360300
8809700
6446300
9370200
12410100
6466700
8755000
11613500
7331900
11560300
9711600
12033100
8449800
12287800
9028500
7634400
7732300
10233400
10875600
13131100
8841800
8012300
10113500
10397400
7631700
8630100
16937900
9844200
10645900
6563600
9544900
9320900
13775700
10347900
6682200
12346600
7549200
7466300
6272800
8838700
5636300
5342400
7937300
8841800
11121700
4946000
10817900
12654900
7354000
7060900
12418200
8932000
5074100
7737200
9985500
9247100
5019200
4952400
10210200
11389700
4968700
4994700
10634400
11659600
5247800
4998900
6581600
5037500
5042000
8550600
12421600
5264900
5008900
5114200
7465100
5064500
6149100
9284000
5157100
7650200
5019000
6365800
5197400
5053000
6689200
12326700
7468600
8369200
12543900
9846900
7585700
11261300
5403000
5349000
11455800
12505100
12798200
6011300
5557100
9457900
11960700
6832200
11819300
10621300
8651100
5354400
6788100
8965600
10008800
7910300
7818800
7004500
7864700
5800900
5402000
7347000
7189800
5839700
12754500
7405600
5310800
5276800
5672000
11494500
7625200
6882600
7149500
6396100
6649300
5516000
5202100
5217700
5228400
8312400
11855400
11956000
8668900
5636800
5657000
5490100
5428800
11791100
11643700
14484600
5397800
9804100
5579000
5163700
5401000
5225000
5190900
5209900
5200100
5190300
6324600
5189700
5200100
5307600
7214800
5166200
5262800
5206900
5169300
5671800
5186700
5162800
5408500
5265700
5227400
5223300
5246700
5265900
5211600
5968500
5302100
5258900
5804500
5371800
5204700
5790000
5259900
6203400
6540100
5352700
5557500
5458300
5735000
5514100
7608000
5264200
5222400
5233300
5624700
26402300
6855000
18692100
8853500
5310900
12798000
9857200
10156700
17353900
8322400
5631700
5358300
6256400
5417400
5401000
6725000
5451300
5403600
6344000
6085000
5410900
6292000
5907900
5305800
11968200
6218000
6860500
7597300
6148300
5573300
5406900
6462600
5690600
6292600
5732200
6361000
6078200
5500200
5351100
6774200
6018400
5385200
7270800
5343000
5335200
5766500
7533400
5707000
6851900
5294700
7337700
6179800
5294400
6773000
5723300
5996000
5625700
5932900
5511900
5334800
5349200
6140600
8157000
5906200
7606600
5310400
6442100
5705100
5408400
6773800
6232600
5330300
8165700
5353900
5566300
7580500
5314800
7771600
6147500
5384900
7072000
5686300
20922100
6037100
5647700
5662900
6288500
5755000
6031100
5720700
5591600
5815700
6699700
5677800
6988400
5517900
5611700
6300800
5591000
5733500
6015600
7331500
6654400
6623100
5740600
9740000
6091600
23813300
24655300
6654900
7159400
5577700
7818600
6574300
15619600
6648700
8124000
6236700
6270300
5953800
6591900
5483600
5531100
7180400
8365300
6734800
27054200
16590900
5805000
5677100
5491500
6901100
6455200
5449600
6104300
5418900
5430800
8099600
6330600
8227900
5683100
5836500
6508800
6384700
7320100
5523500
5522300
6713400
6628800
5442900
7048100
6313500
6161700
5484400
5486100
6149600
5485600
5422000
6040000
5441900
5441500
8144400
5632100
5582700
9336100
5683800
6353700
5514100
5525400
7080400
5491000
5890600
7303700
5532000
7764900
5583400
5509000
5502100
5485800
5615700
22134200
5543100
9046800
5534800
14924600
5611700
5596600
5550600
7234800
8040100
6059200
5553900
5556500
5585900
5548300
5549800
7677900
6760500
5585300
5898900
6267400
5562200
5512600
7730000
5759100
5539400
5514100
5570700
5580800
5586400
5613700
5583000
5615400
5584000
5592200
5878700
5602500
5620300
5620400
7441700
6272500
5612200
6277000
5949500
5604200
5629000
5607600
5650600
5612000
5640800
5616800
5630600
5656800
5635000
6069100
5670300
5877000
7710000
5638900
5655300
5613900
5597700
5608900
7021200
8245400
8260700
7356600
6803000
6142100
8238100
6280700
5887600
5856600
6743000
6045200
6054500
5923700
6286200
6747200
6105400
6574000
8066900
5670100
8724700
6060300
7271200
8005100
7410700
7728300
5709200
7324700
5638600
5702700
5656400
5634900
6082100
7465300
5633100
5653600
5622500
5923700
7778100
5681900
7807800
5752700
7110000
7029200
5871000
6597100
5740000
6304700
5963000
5764900
6688900
6309200
5707300
6559100
7217000
7424700
5718800
5678200
5682400
5683300
6570200
7342600
5707000
5711700
5716000
6048100
7680900
5740500
5741400
6273000
5743700
7724800
6190400
5785500
5757700
8207200
6880100
7899500
5946300
7062600
8152600
6024700
7738400
5752600
7294600
6719700
5735600
8959500
6367800
6704000
6248600
7016400
6505100
5781700
7623000
6597800
6161500
7909000
5767300
8325500
6099200
6734700
6816500
6209500
6149000
5786100
5933500
8200300
6812000
8511100
5828200
5778700
5792900
5802200
6727600
5851900
5849300
8093600
8058500
7783400
6416600
5874400
5985300
8239000
7603400
7398500
6005600
5980500
5992900
6469800
7859000
6997600
6531100
5821700
7021600
5829600
8641700
5832400
5902000
7932200
7232800
6775800
5938500
5887300
8811000
5916700
6743300
6441400
27102200
6065200
5943200
6111800
6121300
6472500
6254500
6425100
6157700
5932500
7105000
6574900
5989000
6486900
6342200
6138900
6171200
6677600
7077700
5991000
6121300
6229900
9369700
6310000
6029600
7068200
5980000
11997500
5996500
5949400
5959800
6053300
5991000
5972400
7820800
6680400
6009700
5963000
6003600
5992100
5994700
5983300
5944800
5980300
6976500
7202000
5924600
5898200
5931900
5964700
8152800
8908100
7804000
7013000
6657300
6043700
8374200
7340900
7535400
6458800
6317300
6459000
6805900
7481700
6055100
6038300
7934100
6035100
6010200
7926000
9106600
6308600
8017100
6682800
6044100
6061700
8832200
7987100
5973000
7093900
6729400
8021900
7219100
7415700
8101800
6758500
6026600
6147000
6056000
7051100
8027000
6895600
7818700
6095300
6787600
8027200
6628300
6047800
7225900
8761900
6641400
6136300
6005800
6000200
8418700
6015300
6029000
6003900
6018700
7921600
6730000
9496300
6496900
6293900
6068700
6124800
6144700
6104600
7310500
7480600
6090500
6196200
6074200
6256300
6474300
6035400
7460700
6062400
6028300
8069300
6377100
6083700
6066900
7571500
8670300
6942200
8666700
8497500
6771400
8122100
7722700
7822300
6667900
6392800
8217600
6274100
6110100
6201100
7703600
6756700
6148200
6144500
8387500
6257500
7827200
6221200
6205700
8040100
7392300
8271300
6953600
6212200
9494500
6470800
7577000
6236000
7976800
6923000
6160100
6202400
6205800
7874300
7453000
7096400
6402700
6286700
7321900
6239700
8917600
8900400
6190200
6204100
9362300
6903200
7445400
7290900
32385800
26000100
7615000
6382600
6582500
6381100
6310500
8432400
6318600
7457400
9098000
7452800
7656600
6894300
7033100
6298400
7338400
6637300
6563100
8057400
6237600
9910500
6660900
8909500
6361700
7982500
8140100
8936500
7842900
8544100
6525700
7686800
7430100
11399900
6924800
8150700
6381600
9810000
7912300
12444900
13503500
18007800
10711300
7518400
7172000
7432700
7390900
8582100
7563400
7908200
6841200
6530600
8306200
6470700
8170800
7525500
7578100
6621500
7132300
7256900
6627400
7798600
7135500
7893600
6775000
7694800
6520000
7214800
7932500
6740300
8282500
6687200
7583500
6675600
6504400
7960200
7503600
10807200
9192700
6717300
6787100
7815800
8906400
8065900
6652700
7334700
7401000
11258400
7776400
15314500
11784100
7780300
9113800
6628000
8850400
6585900
8608500
7708300
8195300
7128000
8297600
9998400
9042700
7457400
8944500
7672100
8024600
6708200
9758500
7113600
7025700
7438100
6623100
9206300
7380900
7910000
8788400
8772400
10641200
9837300
16063800
10275000
7566600
15418000
11273300
8745100
12823000
11685800
8455400
7927300
7669100
8587700
22306500
7646400
9035100
9702200
7849200
7907300
8640000
8367300
8001500
8925800
6978600
6603400
23922600
9574100
9993500
7128500
7422300
8740900
9828500
6816300
7946500
6673600
7531600
6827300
8499400
7008000
9080500
7532900
7999500
6955300
6732900
7923400
6992300
8059200
6742800
21086500
19378400
8641400
7983500
7238900
8031300
6904400
8381600
6932700
6910500
8483700
6888700
8160200
6752800
7758900
7364400
7622200
7158300
6697400
8509200
6846400
7963200
6836900
8188100
7449900
7713300
7959000
8044400
27339200
17282700
22105200
14200900
7242500
6992600
11157500
7623600
7702300
7119300
8099700
7096400
7938300
7163200
8047200
6948100
6719200
7662200
6699100
7593600
11158800
7964700
6856500
8161800
6965600
8115100
6783700
9475200
11150600
7316500
7695600
7428900
9439200
8438900
6805300
7804800
7556700
14935600
11445800
7963500
10662400
7092500
9913800
7204400
11933200
11757500
7053600
10748700
11518800
9607700
11230000
10228500
8609100
6795900
10099600
7335100
10519100
6886600
9045300
6902700
10064200
9584100
23680600
9072400
12301700
9467000
11306000
9356000
7605800
8937100
7207400
8505000
7041700
8816100
6974800
8096300
6950100
8254900
7153700
8290600
8297900
8747300
7383200
6830600
8870700
6950000
8221800
6962600
9806800
7699700
10039100
7745200
11148300
8979200
7748400
8569500
7499800
8932500
7309800
7105400
8285400
6989500
8512300
7184700
8318600
7533100
9745700
7184400
7842600
7259400
9705600
7609900
7943600
7087200
8857800
7524600
9320900
7265600
8449900
7209700
6896300
9509700
9365000
7625100
8382800
7563800
6879900
8957900
7269800
9090100
6920400
9664900
7102400
9910900
7175900
9550000
7332800
8650400
7061900
8955500
7185400
8158400
7346100
8929700
7111300
8764800
7281300
8662600
7173300
9318000
7712700
9257800
7374100
9030900
7320400
8052500
7756700
8003900
7272700
7013000
10872300
29844300
7838700
10909600
7533500
9059900
6991400
9361600
7207200
9921200
7519200
8816800
7065700
10704100
7235800
9015200
7595800
9837400
10175800
7083500
8784700
7684800
8640700
7346400
7387000
8764900
7425900
9348700
10197900
8580300
9194200
7802800
10463100
7831300
8955800
7205400
9664500
7024100
9491800
7515600
10467500
8270700
9327500
7744200
9428000
7475900
11479900
8105500
8339200
10444000
7940600
9200500
7333800
9362700
7310500
11320000
7744700
9043500
7432200
10718900
7474200
9207400
7329800
9445600
7460500
10047900
9700000
7980700
13081600
7479500
9057200
7334900
13842300
11112000
8198900
10664900
8517000
9769500
7643300
10208900
11204500
8325000
8944800
8560500
9543900
8474200
9420600
7623600
15633900
21530000
7859100
8244000
7951800
8121000
7636900
7369600
10137700
8032000
10259000
9871300
8420800
16355400
10375100
7540200
13814400
7818300
7411600
8078800
7514700
7487500
7385600
7311400
8198300
8010000
9852400
9718800
8419100
7211800
7637000
7369200
7339700
7396200
7869900
7705400
7474500
7367100
7227100
7652500
7889700
8553800
8077400
7756300
7263700
8503100
7189700
7912900
9436800
8221700
7988800
8682000
7178300
10448600
7212600
7417800
7263400
7821800
7222200
8484100
9175100
9452100
7617000
8089300
8220700
7705200
7272400
7475300
7524800
8802900
7634900
9451000
7903300
7467900
7866900
7557900
7736700
9539400
7937100
7411500
7876700
7390900
8945600
7421300
7392900
7308400
7288400
7386900
7309900
8685800
9045200
8250800
7363600
10686200
7375500
8974600
9243800
7328500
7276000
8653200
9008300
12965300
9197200
9017000
10264800
8922500
7559000
7294200
7230300
7294200
8100800
9093800
8225100
7294800
7467800
7258900
7295000
10964000
9680800
10975600
8189800
7365800
8731300
9109600
12044000
11014400
12846100
10507900
13481000
10656200
7943700
7604100
7317400
7371900
7492700
7403700
7625800
7326100
13132100
10254300
7383200
7408400
14753700
16244900
10510700
7882900
12027400
8102200
7417400
7795200
7450900
7438300
7396100
8490200
8288000
7604100
8138500
7756000
8594300
7535000
7779600
7505000
7933600
7494200
7521900
7997200
7793400
7514300
7482300
7700400
7498100
7944900
7669700
12953000
8684000
7532600
9045700
7811600
7737800
7491700
7595100
7802300
7720400
7769000
7561200
7656000
7481500
7785900
7521000
7619800
7563900
8169200
7619200
7589400
7678900
7555500
7829000
8218400
7928100
7710200
7802000
7590700
7820500
7591600
7878700
7683100
8176300
7911400
7609700
7797300
7637000
8137500
7621400
8334700
7573600
7697900
7603700
7931900
7570500
7658400
7586200
7578400
7917500
7532500
8146300
7599000
8048900
8210300
7832800
7595900
8623400
10218700
7604200
7938700
8702100
9495000
9236100
7871300
9633400
8015400
9316300
9072100
7900100
8921400
7638600
7853400
7660700
12500900
8573200
7914000
7628100
7713200
7649900
8145600
9412500
8814600
7593700
8126400
9191800
7908600
7673300
7749100
9358600
9696200
7638300
8111400
7710500
8041800
7720400
7831100
7726700
7722800
8044500
8405500
13177000
9446100
7636600
8388500
7630700
8211700
7640500
8162200
7643400
7904000
7629100
7671100
10604700
16565400
10296900
7612100
7882000
7669500
8260900
11855900
9371400
7650300
11514800
8748900
7635600
8759200
10540500
9363400
7662000
9992000
11715200
7814300
7638900
8424400
7642200
8937600
7715400
9522500
11409400
10518500
16237400
11512200
12954700
9531100
8709900
8224300
9663600
7946300
9582700
8158200
10314500
9525600
10004300
9177400
8128600
8546000
8155000
9381000
7983200
9213200
8597600
9804200
8171600
10547200
10724900
8142900
11698800
8484900
9288300
7931100
9181400
8942100
8345500
8688600
8476400
9631800
8214000
9573900
8152500
9599500
10339000
8967900
7945700
9435900
7933200
8422200
8234200
8352400
8421000
9799400
8182200
7893000
8347300
9953400
8637400
8330900
16599900
10596300
8592400
8583000
7928600
8291600
7929100
8070400
8805300
8609100
7898600
8174400
8098000
8467000
7954700
7982600
8095500
9011400
7976800
8046000
7908700
9310300
9372200
8331300
8290100
8915100
7957200
8365600
7968200
9361600
8082500
8298000
8118900
8454700
8231500
8355700
8412900
8955500
8288400
8711500
8021900
8037300
7997100
8347300
9908100
8861600
8037500
8383700
8201800
9688200
8794000
8711300
8678200
8078000
8201200
8176500
9335200
8276600
8569300
8066700
8667100
8014900
8169100
8080200
8801700
8034100
8295300
8496200
9177800
8127500
9830700
8066900
9231700
8295800
8677800
8522000
9163900
8078000
8617900
8152800
8903200
8423700
8602500
8619700
8810000
8046000
8330800
8053400
9275500
10232200
8322600
8280200
8070200
8203500
8067500
8083100
8607000
8076300
8000800
8037600
8315100
8125900
8927900
8190100
9376200
8266200
8456200
10366300
9633900
10851600
11311700
11369700
12743500
11231000
10664500
9143100
8290900
10852900
8216100
12378400
10716100
8616300
11521300
9618800
54225400
11764700
8858400
12381000
9258100
12720400
20513900
13777500
10267900
8399900
9607000
8188400
10566100
9612500
8251400
9499900
8612100
9243900
8256900
11453200
10910400
8137200
10693600
8854300
8941800
9198200
9918000
10381200
8915700
10287200
8376900
9833800
8350700
9371400
8342900
11401600
11333500
10342400
11938400
11682400
11363200
11763100
12167900
9421500
9983900
9098100
8675000
10669100
8357000
9822900
8759900
13628400
10801700
12356800
11135200
9731500
12732200
10125100
9416900
9835800
14848000
9681400
12550600
20648600
11613100
8650200
13055900
8325700
8793500
10739400
12724200
9438500
8891500
16966900
20056200
13373300
14099400
10593200
8775700
16319100
19629500
31589500
9062500
8757700
8492800
10914500
8607300
9443500
10580600
9385100
9354300
8506600
11047300
9995700
43144400
9292500
12785100
10504400
9787800
11852300
13183500
9094000
8612800
11558800
9314600
10673400
8593900
9146700
8648000
9647000
9306700
8896200
10101700
8771700
21861200
13584200
8481400
9578400
9538800
8827400
8474900
8804800
10728800
9868400
8921400
9829600
9806700
10864800
12803400
10985600
8547900
11717600
8716700
12479100
10710600
8833900
9551600
9543900
9209100
8800500
8488100
17431800
8871700
22968200
10849200
10876800
9201200
8443400
12434600
10155800
9842700
11330500
16405900
10078300
12446000
11751700
9911400
9749800
12077700
11076200
9063800
10138900
8562300
11800200
12010100
8659300
9332200
8570300
9844100
8639900
8771900
8531500
8714200
9439200
8821500
9050400
8474600
9617100
9758200
10570100
8516400
9057300
10727800
8543000
8641800
8537200
8954400
9758700
9729000
10121200
9441500
9473200
8734600
8729500
8497500
9020500
8561100
10445700
10607500
10195900
8937000
8521100
9223600
10562500
9691900
8504100
10310700
11186800
9982400
9569900
8539300
11449900
11032000
10864900
10100100
10158400
10889500
11559300
9237100
11064400
10067500
11160300
10477700
11628500
9074700
11497000
8835400
11018200
9794400
8640500
9533300
8752700
9440700
9146600
10035600
9169400
10480000
10882600
9860300
11513000
11811500
12459900
10007100
9920200
8589500
10551700
11613200
10760200
11169700
10810300
10624000
9059700
9359000
9335100
8617200
9345900
9690800
9262600
8962700
9367800
8953900
8688500
8844100
8875400
10081000
11626300
8950000
9281100
11365400
9114200
8771000
8912100
8659800
8672700
10521200
23793400
10751500
10617600
11861500
9847400
8747000
9093700
8756200
11315200
9847100
8675500
9688100
8787800
9519900
8775800
9768700
10865100
9890200
9014400
8772500
8934200
8779000
9288100
9501800
30411700
14440300
26796100
11214600
30208300
12479700
10586100
8754000
12767200
25225400
17698700
12919000
13656000
9688000
8976000
9733400
8805500
9352100
9545600
9653500
8836700
9115100
9600600
8891600
9735100
9505400
9795200
8862800
9390000
9151100
8982400
9182100
8878600
9311100
8868800
14111000
11373100
9933600
11594400
14518900
16956800
11407000
11286400
9592400
9080800
9191600
9383800
9011000
9356200
8886200
8992200
8900600
8914000
8929000
8943100
8914400
8942000
10849700
10167300
8962900
9058700
8947100
9010700
10047300
9163900
8954200
8938900
8912000
8908000
8906800
9914100
10018100
8939700
8883500
10353800
8916900
8963000
9033900
8929000
8896700
8923300
10464400
11208400
10167300
8945600
8919300
8937800
8988000
8949000
8910100
11072900
9773100
11961100
12223800
10587000
13185700
15060100
9260100
8940500
10517600
8888100
8919900
10792400
9431800
9145900
8991400
16337900
11657300
8897200
8913200
9999600
11183100
17825500
10143300
9760100
8944700
9018400
8968400
9025100
9040700
18294300
8934700
8899600
8953400
9001700
8938400
9343200
8943100
8999600
8966900
8974400
8909500
8900200
8899700
46581400
11998600
19915300
17234800
9888900
9070500
10113600
9966300
25377500
25695000
10688700
10499000
9545400
9568700
9714300
9652600
10238000
9128100
10493000
9841500
9388200
11233200
9182000
13248500
11677200
10345000
9247300
11548500
10802700
11093900
11282700
11140500
10731400
9749500
10316100
10123200
9127500
9303200
9741500
10336100
11451800
9118100
10940600
11823400
9166900
9924100
9588400
9199100
9826000
9135700
10095300
9622200
12259600
13230400
12291600
9480800
11401000
10396800
11466100
10720600
9877000
12095600
12099200
9417000
10831400
10776000
9277100
10271800
10215500
9920900
11372800
10533800
10869400
10534200
9264500
10565000
9754200
11372800
10385000
9832900
9865500
10362000
10310400
10552200
15841900
12338700
11154300
9877600
11798600
9454000
11422100
9331800
9510000
9973700
10903400
13055400
17547900
11832500
9371100
10644200
13138400
12881400
12040000
9634600
9481900
11525600
16656300
9614600
12001900
9679000
10623300
10271000
10554300
12433000
10100100
9756800
9377700
9538900
9392200
9740700
9750900
9394200
10653900
10397400
9772300
9511200
9355100
9567200
9458700
9905800
10987000
9625800
10446700
10226100
10172400
9584400
9473000
9891400
9750300
9822700
10155000
9719500
9927100
9604700
9701600
9588400
10184900
9866000
9444200
9829500
9444800
9751500
9512900
10103200
9603800
9479200
9803300
9658300
9788900
9482200
9762800
9718100
9485700
11198700
12370900
10223400
9728500
9725700
12272300
9683600
9449100
11353600
10805800
9511400
10926500
11315500
9481800
9573200
10206900
9437700
9422200
13593900
12615000
11920000
9556800
10150000
12172000
12067200
12162800
11883600
11824900
9667400
10697300
11488100
9692400
9744700
9509200
9771800
9661700
9911700
9971100
9564500
9698300
9536300
16991700
11370300
10318300
13461700
15271500
10396100
9674800
9522400
9723200
10389000
12183500
12486300
10774800
10332100
9511200
15726700
9870600
16755700
19541100
13688400
10878500
15016100
13453100
13070600
12767500
12621300
9937300
10955800
12389900
9804600
12501900
14715000
10357700
10049600
10394700
11087600
10311900
12009900
9721900
11493900
12060300
10354300
9931800
10180400
9711600
13357800
12878300
9549800
14336300
15453400
15783300
12103000
11427100
10846700
12397500
10998300
9655800
9921300
10963600
11541100
11299700
10142100
9971200
10292400
11489500
11255300
11980800
10588800
10232000
10122800
10607100
10927600
9714200
12295800
10866700
11584000
9698300
10239300
11756500
12917000
10648000
10290600
13859000
9898400
9911900
10874000
10024000
9916500
10107900
10180600
10338300
10301700
10398300
10492300
11672800
10891400
10119400
10086500
9734000
10244800
9896600
10653200
12749400
10127600
9950300
11959400
10386200
10213500
9929000
9795200
10314900
10071300
10399000
10403300
10004200
10271600
9798100
10427100
10304300
10177400
10421500
10797200
9788600
10954500
10048600
10019000
10112700
9823300
10231600
10240400
10801400
10540500
10086400
10213100
10500500
10138100
10344900
10256200
10352700
10370000
10112600
10113700
10015900
10450700
10970100
9873400
10301300
10101300
9999800
10174200
10195300
10523200
11127900
9948200
10117300
10766200
10222400
9998100
10270100
10281500
10602600
10000100
10464000
9981200
10433400
10517300
10292900
10360900
10273600
9912600
10283900
10211000
10546600
10293800
10195000
10614200
15039700
10007400
11065800
11973200
11979700
13198100
10433800
10769500
13787700
9924400
10412100
9994500
14086800
12277000
9902800
12631600
13891800
13379400
10720800
12004600
12082800
11794200
11525200
11012600
10673700
12366200
12765800
11872100
11389500
14057000
10955500
10569900
10074700
10380600
10718800
10457900
10125300
10088900
10213000
11583700
10086000
22953500
11969500
11169700
11128500
10273900
10332700
10017900
10388800
10160300
10068300
10356100
10130300
10486200
11055400
10926300
10739400
11199700
10382800
11424500
10942500
12251100
10964700
11177900
10359400
12526400
11881600
10409900
11061300
11431100
12648500
10349500
11225800
11334100
10756200
12350900
11250000
10256200
10515900
10104300
13169000
11042700
10531300
10078400
10350700
10315000
14677800
14099500
13570400
12892000
11411200
10584100
10555600
10862000
16116800
10735700
13201400
11060600
10765100
10216200
10461000
11643300
10616700
10407700
10673000
11175200
10903100
10907500
10935400
11037600
11022000
10306800
10957600
11109400
10933000
10845000
10516500
10829700
11381500
11009400
10501900
10516900
11102600
10711800
10498200
10743600
10704000
10957000
11563700
15535100
11425100
10618300
10445000
12053700
10856400
10391900
10983300
11780400
10661800
10612500
11553900
10725200
10402900
10746100
10791200
10779500
11544600
11420200
10957400
11463700
12184800
11380900
10712100
10351200
10995200
11363700
10647400
12011000
10943700
11212700
12131100
11524300
11407200
14403100
11591400
11653500
11091600
12275100
13346500
13428100
10511500
10530400
10698100
10533400
11502100
11262200
11707500
11958900
15462300
15927900
12348700
10997900
11747200
10824200
10459000
10827400
10586600
10399100
10442000
10658000
10441200
11667500
12851600
10386100
10958600
11117200
12959300
13064800
11792100
10350900
10618700
10549300
10359800
10424900
10967700
12637600
13878600
12893300
12013000
14012500
10381300
14025700
10788100
10442100
13645900
10562300
10424900
12343200
13104200
12486400
10344100
11452700
13056900
11177600
10837200
11330000
13034600
10600300
10448600
10496300
10714500
10565400
10485700
10726500
12168100
10495400
10563100
10465100
10495000
10557700
10463200
10464000
15962500
12109500
10788400
12601100
10859200
15626200
10465100
10471100
10575600
10473500
11433400
12471500
13802600
12514400
12383800
11611600
17734400
10546400
19358000
10522900
11221700
10598600
10541500
10509700
10504800
14844800
20531100
10477000
10909700
14154400
18281700
10485600
18761800
10448900
14264000
13516100
10513600
10835500
10516700
14314200
15987300
25294000
16532800
11255100
10566700
11179400
11165300
10616800
12400600
10931500
10638100
10963700
10843000
10661000
10817800
11138100
10666800
10960600
11052900
10601700
11147100
11081100
10870200
11792100
11257800
10922000
10876800
11281300
10725800
11829100
11014600
10804500
11818600
11019300
10691100
10992000
11070400
10786600
12112100
13489100
11883700
47856400
11352000
10992900
33074800
10754600
11188500
11068300
10734300
11148800
11335100
10788800
10938200
11188500
11002200
10932800
10855000
10775800
11521700
11811000
11695700
10984300
10906900
10775000
11112700
10850000
10844300
11001900
11071200
10986700
11201000
11471800
11015100
12603900
13514200
13524100
13487900
12815500
11160300
11532600
13450000
15331400
12760000
13917400
12534100
17773400
13351800
11416100
18297100
15215500
12160400
10792000
10834200
14830700
16510800
15546800
14665200
14700400
10704300
10793100
11001900
10815500
15306000
12905100
11841900
10913900
11263400
10945400
10814200
22311900
23757900
23059500
19546800
15405000
15693500
10775500
17509700
21688400
11256200
10778300
11085100
13163400
17767700
18938900
10787400
12318400
14104600
10866400
11623800
10865900
10854300
15672900
21804500
15691000
10823500
12260700
11120500
10835000
13763800
18455200
13118200
16793200
20433200
13229000
14101300
11656900
10874400
11175200
12314100
12863400
11258000
10872400
18384700
10875000
10953100
17204100
16039100
18995500
14930400
13105900
13241200
16478600
10928400
11174900
12030700
13490100
10982500
11198600
13558000
18275200
12087200
11019300
11319200
16468500
21435900
29158900
13371900
20792000
15792700
14799800
16183900
17916200
12307900
14367100
19650400
20382500
22320100
16891400
11454900
11952400
11377600
11673800
11422700
11131100
11254700
11420300
11151600
11549900
11704300
11423200
11455500
11281000
12774200
11095500
11859400
12604800
12067900
12404100
13399900
12009200
11239900
11361600
11356200
11143200
11765000
11502200
11135500
11334600
11464200
11347400
11235600
11410200
11685100
11276300
11407600
19667800
17566300
12192800
11603100
11154000
11672600
12023600
11189800
11162400
11574600
12044100
11437200
11474800
11225500
11685700
13795900
11926500
11276200
11598800
11271200
11181000
11394300
11144700
11178400
11462800
11235800
11211900
11304000
17515000
14141300
11181800
11180300
13583400
17143200
18050600
20825100
11200300
11116900
14852100
16358800
11125900
13130900
14713900
14493800
14590900
13656900
11253400
12187700
12834100
11980500
11316400
12837500
11558800
11499100
12852900
12511000
11783300
11296300
11795300
13327400
11395400
12142300
12417000
18144500
12611900
16256200
11975500
12361700
11706700
11532500
11377800
11456400
11485200
13452700
14159900
16259700
13725800
12241000
11431300
11368500
12834000
13769300
11566700
11487500
11556600
12028300
14048700
14106200
13772400
12397800
11882600
14197700
13318700
11972600
12330300
14452600
14227000
14298200
12505900
13181800
11760700
11667200
20167700
12391800
12643000
11568300
11510900
11570200
11887100
11467200
11604700
11701700
11479200
12072400
12702600
12080800
11489500
11945400
11538800
11491600
11606100
11909900
12091300
11614300
11527300
11879200
11506200
12679400
11814500
18224300
11781500
11588100
11674000
12232800
11750700
11763000
11734100
11666300
11627000
11800500
11651300
11555100
11907800
11735500
11913800
11559100
12057400
12300100
11529500
11551500
12045800
11758400
11956300
12434300
11592200
11609600
11930000
11803400
11853700
11784100
11955400
11864800
11721200
12019100
11813500
11624900
11786500
11981300
13768300
12783900
23822300
17611400
12154200
11647400
16758500
16307900
17830100
22286500
14291100
15378400
12981500
24726600
14163500
15256900
12648000
18212000
13833600
14786900
13941000
13793400
13884900
12473200
14078700
14523500
14653200
13736300
15215300
12682300
14516500
12812000
13901100
13907100
13552600
12620900
13862100
13914100
14829100
14890400
13575500
11759500
15435400
13754200
13694700
13617000
12221400
13252400
13385300
14975500
13693800
14285700
11709700
13555500
13716700
14232300
14094600
12460500
12706800
13417600
13457500
13268000
12825400
12858600
14744800
13434000
13246100
12542100
13954500
14248900
14539500
14490500
13900900
13941600
14387000
14447700
14286500
13481400
13775800
12220000
12313800
15820400
16394200
18560700
13522400
12712900
12085600
12552700
14180600
12898100
12655400
12169400
12659000
12264200
12028100
11916400
12395700
12165100
13178500
11952300
13043200
13070100
12311200
11980700
13024100
12280200
12178700
11947800
12316500
12156500
11964700
11990200
13023400
12063300
11908700
12194800
12137500
12231400
11881700
12122600
12231900
12061900
11987800
12158300
12145300
11981800
12139100
11914600
12523400
11952400
12229800
12296300
12082800
12773400
12465400
12635900
12437100
12124400
12219000
12293900
12012100
12642100
12071700
11995300
11962800
13914300
12162500
12800100
11997300
17762900
14929500
17226400
13493900
12161800
12716500
15192800
15739900
12010100
14324800
13241400
13412300
11956700
14759800
12637600
11988900
11985600
12020400
12095800
12349200
14711100
12026900
12255500
13080800
17208900
15378900
12175800
12339300
16823900
13321700
12118400
11991900
12001400
17275900
13986500
12062500
13468100
18568100
19113800
12776600
11954700
12094200
13533800
13547400
15920200
14932300
12065200
14363300
13289500
14935300
12959200
17318100
12121800
14756300
17396600
13321600
14108600
16157100
19034900
19253900
15017000
16976600
15167600
13481500
13716200
16103200
14825800
13336200
16559100
14652900
23387500
13712200
12715600
15826600
14902700
13695600
12381300
12231700
12585200
13500300
12923000
12943600
12687100
12745700
12447600
12208900
12783200
12588600
13141100
12277300
12842000
12592300
12454800
12537500
12369900
12681200
12900100
12356500
12219800
12564400
13173700
13161500
12290400
12524300
12949800
13836000
13289800
12481200
15095500
13676500
12922900
14710900
12381400
14533100
21561700
12531100
17217400
17642400
13416300
12716200
12596300
14563600
12377600
23595800
19690300
14191000
12697600
12981100
12688000
12985400
13453800
13730400
13320200
12779600
13684400
12512900
12489300
12709300
15500300
14766400
15655900
15606200
16617600
16567500
12286900
12281500
15633500
12270800
13755500
17241900
13091500
15309600
19230900
13273300
19469000
19137000
15503100
12560600
19058500
12265100
12280300
16910600
19946600
20632400
21117500
22335400
14172100
16691700
16857600
14642400
16946500
19694900
13248300
12373300
18433300
12349800
12360900
12648500
12324000
12331900
21973900
12288700
14902600
13217000
12695900
12989300
17542400
18846800
12734900
12524600
17155200
13271900
23183500
16717200
22398100
20951100
17649900
19998000
15236100
12507800
12432300
12467900
12397000
13854500
12337200
12673200
32814400
18904300
13080200
12640200
13905100
12947000
12732300
12567500
14510900
13009900
12989200
14439100
12832700
13228600
12615600
12950900
12894600
12538300
12868300
12862300
13521500
12855600
12980200
13209800
12800000
12831100
12554500
12717700
12981000
13047400
12635200
12831000
12802300
12762800
14346300
12698300
12760400
12634000
15110600
13644900
12752300
14880900
13694100
12808500
12808200
12646900
13154300
12808700
13058700
12954800
13117300
13169300
13014900
13742100
12711400
16108500
15030000
12657900
14687700
15372200
13549100
20044100
15210800
19031600
14358900
15523700
15924300
15631600
12642600
15284200
16068000
15782900
15857900
15835000
16440300
15698400
14308500
13627700
12869500
20853700
16093300
18486100
16517100
14541000
12626300
12911300
14522700
17745200
15323800
12856500
13287300
15922600
12650800
12890500
14993400
22263600
14741100
19095800
15328900
19018200
13783900
18397700
14163300
12870200
12674600
12853600
13320700
15266100
16328800
12808800
15669600
18948000
17361800
27683500
20609600
12867100
12750100
12773400
13037500
13245900
14029200
19776300
13900600
15806300
13059800
21263400
19647500
25678700
21747500
19729600
14135100
27450400
18053800
27159200
29319900
24606900
65529100
38910400
12868000
13203700
12874700
13425200
12860100
12996300
13114900
17219600
19824700
15919100
15749800
16312400
14122300
17218200
14351900
15924000
15665000
15863700
13211900
15037000
14072200
13664100
15140700
15332300
13836300
13453500
15871000
16743000
13007700
13011900
14819600
13563600
13181400
16626300
14910400
16527400
13152100
13431100
13560600
18586100
14313500
13418200
13637500
13186700
16148500
14484200
14986500
13373300
14318700
14651900
14397700
13240400
17008100
16553300
13949400
18218700
14685900
14917100
13483900
14337000
13075300
16810300
14401700
13090000
13344200
13495300
12972300
15912400
13109800
13046500
13483900
12996200
19308600
17725600
16712400
19053700
25548400
13579100
13614100
14232000
13901800
13646300
13693300
13490500
14155300
14997400
15885100
15798200
15258900
28276600
14357200
14499700
14835500
18788500
14113700
14184700
14229600
16876400
14937000
14623100
14687100
15950200
15910200
13684900
18431000
13454900
13442500
13371800
13190400
16005800
15862700
28423000
13452600
13308800
13201500
13233100
16103700
30436700
15605400
13435400
13246900
13502400
14009500
15214800
16451800
16222200
15678600
18032900
16708200
17216600
16514500
14340200
13550100
13209700
13220300
13403500
13570600
14984000
20097600
16906100
14326900
13450400
13967500
13110600
14825800
14547400
15087100
17313200
14663600
21881400
18594700
17560800
16571300
13987400
15759400
16770400
18411900
16474000
16289300
16275600
16930400
15793700
15252700
15637000
15517100
15368700
16308600
15432600
16961300
15223400
15279000
13814900
14455900
14491900
14728300
16158800
15951700
16654500
15437400
15208700
15759400
15531900
16482400
15986400
14907800
14149100
15969500
14264200
15233000
15063800
18266000
14375900
15195200
16421700
14662100
16114400
16308600
15474800
16016200
16189200
14154000
15997700
16193000
16118200
14608900
15496900
13876000
17078000
15983600
15414900
24301700
26582200
15608300
14819600
14846300
14358900
15511400
14404600
14721200
14628100
15285600
16399900
16074300
14816300
16625700
14783200
15020300
13734000
15773600
16198700
15002200
16539600
15542800
15513200
14812800
16002100
14884500
15653800
16259300
15558900
13784800
15722000
15036800
15328200
15621700
