34200
6300
7600
10000
76300
37400
39900
48200
43400
69900
64700
75200
93200
70100
72600
84100
97100
100100
59600
64700
73600
58900
63900
90000
77700
80200
90000
95200
100800
110600
116100
126100
173300
144300
159200
158400
171700
182300
201300
201900
211600
224700
235600
248900
268900
243700
266500
255700
253000
254700
283500
286000
296000
342500
338300
334300
359500
389400
385400
4016800
328100
337600
372500
361600
373100
437100
396700
422000
435600
619400
280200
163400
178800
161200
168300
172800
178000
183900
190600
198600
204300
219100
265300
257400
245400
250900
255600
282700
274800
284900
292300
331600
321800
318300
344000
339100
374300
679000
482400
385500
392300
470300
461000
538300
563400
456100
486500
483600
505100
508700
606600
587200
562500
585400
587300
604300
619000
704100
675700
664900
851200
746100
1040100
2925500
831800
1120400
858800
1151500
893800
895700
7300800
1181300
1188200
1198300
1155000
1154600
1173100
1299300
1291200
1463600
1246400
2526200
1465400
1730300
1565200
1544300
1806000
1696800
2807500
1708700
1609800
1805200
1223000
1235500
1253100
7941200
5571400
1412200
1360500
1346000
1417800
1408300
1459700
1531300
1530000
1525000
2611700
1590700
1914600
1849700
1724000
1741500
1768800
1910400
2439000
3151500
2991200
2177300
2349800
6507900
2306000
2923200
2466600
2257000
3176600
2697400
2867700
2910700
2749400
5382100
3727100
2780800
2739600
3143200
3030800
3788100
3442500
3107200
3479300
5682200
3237600
5925900
5341900
3908300
3484800
3671000
3900900
3768300
3815600
3530400
11150600
3906200
4724300
4871500
4145800
4394600
4434600
6871500
7051800
4996500
4027100
6023800
5734700
4616700
7331300
6738400
13317800
4598700
4562300
5240900
4632000
4705400
5450400
6037700
5696900
5871700
8870600
7198000
5397500
5891800
6310700
6037900
11281400
9111600
12799200
11210600
8486400
10839300
6233300
6758700
6877900
6688100
6284600
6321600
6892800
7773300
7184600
7541200
7126900
7624100
7562900
7240500
7559600
8407800
9046200
7928300
8040400
8716300
8420200
9075700
8291100
8651500
8822000
8923600
9212700
9245900
9059400
9261300
9192000
9748500
9372000
9951300
9322400
9162400
10064700
9990100
10025600
10158200
10197600
10596500
10540600
10686100
11306400
10922000
11040000
11636100
11566900
11318300
11283600
11944800
12003900
12691300
12130000
12637400
12850300
12309600
12678400
12552500
12798500
13118700
13549300
13244100
13433900
13926500
13692600
13971800
14128200
13834800
15729400
14189100
14701700
14405800
14654500
14646800
14979000
15246600
16013500
15554500
17012100
15866700
16097100
16210300
16216300
16776500
16669300
16662000
16887600
17588700
17130000
18251100
17541600
17545100
17811500
18002500
18449300
18968900
18415300
18655500
18957000
19013800
19539400
20232500
19474200
19752300
20158600
20306500
21460500
19063300
20342600
20537100
21168000
20859200
21871200
22115600
22339700
22071200
22202400
22680400
22446400
22643000
22796200
22815900
23874200
23102200
23313700
23745900
23627100
24975100
24303500
25159700
25127300
25574800
25623100
25231500
25642100
26383200
27250000
26617300
26557100
26730800
27896200
27053000
27097100
27532000
27955100
28235900
28257500
28381000
29016400
28850700
28935600
28706200
29604800
29682700
30010200
30570900
30565100
30153500
31191400
31880100
30349900
32352500
32012500
32133400
32874600
32386200
33833200
33682300
32713700
33795300
34705600
34342900
34032100
34567700
34241700
36018100
34497000
35086200
37236500
36036700
36715400
37252400
36472100
36865500
38573600
38539700
37559300
37742500
38361600
38607900
39608800
38842900
39673100
39766200
40132700
40792200
40557700
40945500
41219800
41826600
41988100
43446400
42321600
42433500
42200900
42580200
43622500
43740900
46853800
49103000
49836400
50555300
53738500
46017700
45022600
45267800
46468800
46128400
46584400
48790300
48422500
47297500
49168800
49164100
47654400
49346300
49296200
49532400
50272600
50292700
50441200
50571200
51243100
51880200
52287500
53318100
53799500
54999900
54090900
55505100
54021800
55864200
56160500
56060800
56830400
55173200
57383000
57236600
57706500
57779100
57972500
58462900
60395200
60344400
59833200
71383000
60213100
60496200
61423800
63283800
62564300
61560700
63959700
62923400
63930200
65366000
65868900
65958900
64266700
65476200
66986000
66291700
67664800
66135000
67825500
66507200
68052800
67613100
68418000
69852700
71042300
69881700
72159300
70742500
73713500
71990800
72188900
73766200
73735300
73068800
73696800
75632100
77933200
82908400
85187700
91462500
76859400
79975600
78035100
77885500
78131300
79203600
77677600
81029000
81838700
80210300
80533700
81915300
81413100
83485800
82618300
84805800
85958400
84400700
84930000
84906900
85498200
87445800
86112100
89448600
87070200
88958500
89585200
90319200
89934800
90396100
90875900
90236700
91636800
93709800
93599800
91825400
94771400
92887900
95538300
94493300
96040400
97848900
96184200
97997500
95833700
98334200
99214800
100166300
97571900
101016100
99373400
100488700
103367300
113465800
123433300
101920500
103765100
105710700
115069100
106787600
105726100
107291400
109547800
106273600
108664800
108321200
111171600
110248100
110878500
114085700
112196200
113063200
112098000
114100800
114929100
115431300
117166900
117686200
118933100
117440200
118129100
116431600
117731200
119027400
119253300
119423500
120845300
124238000
122792100
122096100
122611800
124933000
124088800
124869800
123816100
126625900
139063700
147857900
127332100
130796200
129792200
128748600
129075100
131001900
131801000
132037200
135524900
133684100
135288000
137514500
135899100
136476500
138779700
135973000
135653100
140768500
138298100
139480500
141237100
143305900
142384900
144436200
144327100
158563100
144497000
146785600
145087000
145160900
148726300
147742000
148264300
149179900
160141100
172341600
151556400
152482400
154837000
153277000
153472600
154361600
158471100
156246400
157664200
158680600
159129300
160792300
159706400
162143700
162954800
162049600
161344600
164672100
164901300
164190000
167560000
167248100
170060100
168365000
168386500
169704900
173495700
171043500
173146800
190149100
185225800
174536900
174936700
174463800
176107700
178160600
178241100
177850000
195058200
181729700
180028400
183267700
183107400
181519300
183511900
187429300
184184700
186019900
188597300
186313900
189770500
188190300
188962100
192106400
193782500
193193600
212071800
204596300
194334500
195769700
199945100
198641600
198811100
201764500
201548900
201071300
203846700
205245800
207416200
203389200
207074200
207226200
208277500
208719500
210605400
209689000
210345300
210722500
213739900
223152600
238775900
235051300
217088600
215818500
217970900
218681200
220829000
221004400
219608800
223174300
223625400
222650800
224559400
225834500
223155700
232290800
230481300
227623400
230279900
230467300
233972800
235336100
243323600
249752600
236853700
236188900
237161700
238964100
238840500
238768000
240352600
242819100
243429400
244331500
260206700
244978600
247389500
246499600
250765400
249125100
251057100
250569200
254293200
280984500
255179900
254463200
257713200
257230200
261152400
260333400
259605000
260557300
263627200
259099800
265120000
264624600
265983800
268153100
269122000
270410900
270703900
274588400
302047600
274739900
273703500
289747300
276428600
277545700
281096200
281872000
283327400
278165200
282618900
285138600
285749900
285793600
287551500
285746000
290658900
306974700
313978500
289587400
293568900
292391400
294643700
296875300
296283200
298017900
300100000
301531900
303360600
302186500
305010400
318522200
307371800
307243500
335986500
308361100
311225400
315282300
315995300
315769000
315869100
317302200
319587200
319176000
320792700
322700200
318741100
325604600
323119200
330111000
351684700
328954500
329819800
330328200
332202600
331248300
347532200
332495700
335803900
336321000
340351400
340821700
341017100
339898400
355755500
364431400
344757800
347914400
349232500
349100700
350438400
350326300
353349800
354310400
356798700
357699100
361266400
357801600
371922500
399599400
363127900
365101800
365117800
363886300
365435600
367582500
377292500
372964400
372191600
377606500
373532500
376027200
405429300
379888100
381844200
384158700
385699100
383223900
388511300
387162700
401159700
389231800
387108200
391592100
393355400
424359600
396881600
397165900
396325000
399076900
403420600
400370800
405711100
407533700
405989600
405034900
408753300
443875000
410886800
412112600
427320200
413791300
418112400
419021000
420875300
422845100
424274700
424424800
424394300
460540600
426808000
428504800
426407000
431210700
434525500
433784200
437906600
435701400
442530500
452946700
452581300
465894900
445074100
445491300
443569700
449299000
450916400
452880100
452637000
454776700
453713800
464986600
472083000
458893900
461570100
466264900
464282000
481495500
468568400
465188500
468788600
472317200
498754100
475093200
479053100
478454600
478613700
479402100
480540800
484422200
484146900
485632400
493897800
538303800
490468200
495564900
492407800
497069700
496945100
499790400
497866100
502787000
514603900
521790200
504372600
510005100
516144600
511269700
513143100
522461600
516250000
518459400
543350800
518350200
520776600
521493400
525074100
526945000
527213100
530556600
530896800
535167200
562011200
538922800
536914700
550765900
542515800
546024300
547026200
546367200
548317100
600646100
549073500
551155100
551826800
554503200
560382200
561257500
561185900
573545300
592305900
564277900
572243600
566035800
571421200
572236900
573147600
576698400
586074500
602533900
577707200
581595800
583526700
597449100
585659700
588638400
591285700
618541000
594717200
593804000
596240400
594839200
602486700
605311600
606936600
657934600
601911900
620994500
613961300
611287300
612304200
616250200
615902300
651854000
617874000
621338800
626938700
629895900
631899400
636097400
642174400
668276300
643254500
637289100
642295300
641352200
641816800
645736100
648265700
680147900
649588400
656642200
672568100
659600400
652747000
661262000
664290700
713296700
661983800
668439000
665239800
670112900
674026400
673870700
737199000
678277500
683551700
681665300
685438600
685247200
686771900
718017100
689866600
691606400
700176900
694672200
711911700
700068700
735426100
703523200
707928700
710096200
707808600
710503700
716015200
770571000
719619600
770340700
726243800
736280100
725928700
727926100
768437900
728413500
737495900
733264700
737248100
740720100
759566500
781216500
743707800
745086400
754862300
753748900
755944900
766305500
775082200
763118200
760135300
776882000
770076900
778844300
811677200
776349900
780386100
779109800
780649900
782338000
808532400
799821600
791529100
791013900
792208700
794395300
799579500
828447800
797910300
805669000
805908300
819781400
807401300
837689700
811139300
815065700
852247800
874320300
896903800
897004900
880789300
900562300
863964100
843243900
889063800
847167100
845598900
850463700
857607200
852467200
915312800
859162200
863080400
865357500
863517300
874690500
915182000
874059400
867837800
888455800
878708700
881874700
930657500
887441000
889700200
888476700
899826600
933350900
909613900
897217900
903182900
904892400
903210000
950584800
930352000
929520800
912865900
933625600
968790500
925601000
922561600
927247400
927603900
979636100
937899500
934149800
954692700
939473500
948707800
980501300
946174300
945535600
946560800
943228600
1016297000
952289400
961564900
960507300
963528700
1014043200
976848000
973455000
987572700
974843800
1035560200
980803900
989259000
988214200
990631700
1037392100
1008125100
998721200
1005640300
1001575000
1047690100
1006873500
1010285500
1010725900
1030516500
1092959400
1021706000
1027533700
1031531500
1029225700
1079207100
1030956800
1046090100
1036121200
1049840200
1084715800
1046430400
1049694700
1048282300
1095124300
1069047700
1060918000
1059114000
1063970000
1105156200
1064605300
1071296800
1086700100
1075193800
1136176800
1082719300
1079809600
1088423600
1123237800
1089889100
1112836500
1098033300
1101620700
1142389200
1097308000
1105412900
1107576000
1168972700
1114952300
1115199300
1115276900
1140379700
1178173200
1126434100
1142810200
1141911500
1176576500
1143500200
1138107700
1142016900
1201748900
1156747900
1157282700
1155715400
1160365000
1196987800
1191577800
1171406500
1183256200
1216261400
1181426000
1175925500
1182517700
1227129900
1185138800
1203093200
1193212400
1237591600
1194371600
1200329800
1207838800
1361022400
1540310600
1267667300
1193793400
1232408500
1172513100
1170007800
1186886500
1197575500
1186881700
1187780300
1188117700
1205665500
1207043100
1208548400
1201798800
1200522700
1220496400
1200742400
1216898700
1246537800
1260283900
1281994100
1342338800
1635550400
1550233900
1531826700
1849241600
2259327400
1976855900
1996278200
1461557400
1330198800
1399135800
1336340900
1321794900
1301875100
1341820200
1327731200
1301207800
1331606900
1357845700
1350110700
1339029300
1378653100
1320137600
1345381400
1379495400
1540478700
1362591300
1371237400
1516022400
1585887800
1392246900
1367374500
1392294400
1378330200
1395818600
1394595600
1405953500
1381393500
1385266000
1410050600
1402103200
1384802900
1413092300
1417526300
1387954400
1403043500
1416593500
1435332100
1427560100
1423433600
1458179900
1421509400
1599167000
1730966900
1550958900
1568491200
1601205300
1529853400
1572358200
1549440000
1553367000
1539712300
1537860100
1573704200
1568907400
1587220800
1602469800
1554930900
1578181700
1629226200
1576048100
1569492700
1645709800
1601767000
1679766500
1550390100
1655488000
1529052300
1762729200
1563004400
1527559100
1521931800
1570529700
1558662800
1552317200
1604601400
1648269600
1560219700
1764047600
1686171800
1580204300
1779830600
1581798500
1698596800
1598113100
1567161100
1600859800
1629508200
1584938400
1596588100
1588834000
1589899000
1599390600
1614007200
1625001100
1598788700
1621704400
1605205100
1624207200
1650265100
1604541300
1626430300
1637388200
1642298200
1640639800
1628750800
1660590900
1650167300
1651621600
1662403400
2651902000
1676120300
1663606100
1683223400
1693477400
1672295500
1673435700
1693497800
1699467800
1695541700
1707358200
1692452300
1707227400
1727644400
1696088600
1712113300
1724186800
1753155600
1856953200
1813358700
2118872700
2063600800
2004977500
1785663200
1818428400
1760174200
1730626500
1709033200
1705960700
1711289300
1715702200
1721151300
1743913900
1726503700
1926229400
1916525500
1730377400
1740171200
2004366700
1768182800
1786354400
1782052900
1810206700
1794442200
1828843000
1728449400
1904690800
1812971500
1895030100
1824261400
1850553200
2207544300
1878029700
2046253500
2081687100
1933628700
2077890400