46200
5200
7000
10600
22500
23400
30500
40700
64200
63800
75900
96700
105600
89900
95200
105100
109800
59100
59600
66000
84500
62800
66800
78600
91900
99800
95200
103000
122500
124800
132500
141600
152700
156400
175700
184700
190800
147700
163800
169500
179000
218800
293700
227500
214600
223800
234100
243700
254200
269200
278400
291800
304200
315700
333300
344400
357900
375100
389700
407400
409500
355300
367600
535600
906400
1341200
426300
436300
474900
498300
526300
324900
251800
227200
214700
223200
231600
243900
250000
259700
271100
345900
517700
322600
367000
427600
335600
354400
357700
371000
385200
405300
441700
424100
439400
457000
469600
486900
497900
699800
777200
1579100
663200
587400
1774000
642900
677500
2336000
686800
717800
723300
754500
762600
778300
1886900
2689800
1078900
972000
927700
939600
1005300
1062500
1341200
1108000
1082700
1287300
1537300
1284700
1614900
1897900
1338700
1398300
1125400
1123200
1193100
1174900
1199600
1249300
1313200
1302600
1316300
1444500
1515900
1400900
1438700
1495600
1504400
1556000
1567600
1687000
1641300
1674300
2341900
2645100
2274900
1875800
2103900
2666300
2325600
2085800
2039100
2065200
2104300
2726200
2280500
2232700
2707000
2340300
2376100
2467700
3033100
2504900
2574100
2935700
3034600
3124100
3061200
2810200
3023000
2936600
3014700
3019400
3568700
5880800
12171200
3792400
6083500
3370400
65649400
3512800
4475200
3613600
3845800
3995300
3889900
3888000
3927700
14476400
4473200
4118800
5499100
9498200
5578300
4482900
25806800
22781900
5526700
10439000
6109400
4921500
6494500
5010300
5109500
5410900
5257300
5320700
6580800
5748400
5524000
5606300
6407200
7338800
5840700
7850400
6386300
6097600
6165700
7944000
7173900
8167100
6557300
11642500
7728000
6938700
7527600
7068900
7359700
7186800
7960000
7928100
7778300
9853600
8594100
7823000
7916400
8012100
8960700
8182900
8902700
8713600
8597000
8579300
8694100
8807100
8901700
10451700
10273700
11667300
10297800
9512400
10056200
10136400
11052300
10136700
10109700
10277200
10371500
10834100
11386700
10786200
11069200
11039800
12028200
11405100
11396900
11465000
12472100
11736100
12401500
12029700
14344800
13576600
14247000
13432700
13326200
12890800
13287500
13159700
13268300
14726100
14626500
14963300
15656900
14640900
17126800
17212800
14719900
16040600
15564600
15034600
15217500
15567800
15740700
16767500
16925800
16804500
17069900
17520400
17677500
17782500
17805600
18162200
18925900
18654500
20070400
18468100
18391800
18474700
18841300
20312000
19749700
20361500
19745300
31679300
20309500
22131900
20467000
20446300
20890100
23331900
21685000
21749900
22410900
21541200
22491900
22798700
22898900
23035200
23877500
23646100
25742100
28367300
28762800
29371900
27418400
26167700
26332000
26863600
27604500
27435000
31439100
33958000
29264100
36813000
28423300
27050000
29099300
27225800
28736200
30191500
32002800
29195100
29355300
29419500
29901800
30028400
30521200
30340800
30732600
34140800
30656500
32429800
52369700
35461300
33518600
33868100
33707500
31947600
32836800
32383700
32512100
32601800
32962900
33909800
34228500
34065600
35459800
36690900
35386400
43045200
45620000
57195800
40322000
89136700
50281500
37973300
47197000
59347000
66956800
55798600
83053600
49112800
52157900
66513900
79268500
65029100
77939400
81531400
78718100
93684800
55344300
60812600
51929600
50012000
55811600
65832800
57026700
49125400
46628400
55206000
56072400
58163600
79709400
53398400
48183100
49478800
50334800
50818800
51010300
51139700
51681700
51372900
50651100
52122900
51502300
53455900
51916200
52089900
52901800
52830300
51608900
50841400
55037200
53836000
55164800
55813400
82180900
70769900
58657100
64222900
63662100
59211600
61620500
65104700
62281600
62168400
60642700
66978600
64010100
65701900
67803300
66911300
66607200
61356400
62476300
65470500
67756900
71096100
70292800
65374400
65734800
67600200
68472200
72639800
70678600
72092100
73292600
77138600
67491100
72636200
76881400
79395300
89580500
120345500
177246800
93860400
77929800
95878400
71922500
72870200
77710900
78018900
80213900
91089300
89570800
85532300
78169200
87732300
82590300
99537800
142779300
173832800
105590600
124508800
103897900
90803100
90295300
87593100
85769800
92911500
89976000
88603000
89001400
84586600
84827900
86353500
107542600
88628000
88856300
87336000
95328500
90859700
88869800
90465800
93272800
94551600
92780100
96919900
97895200
94034000
97441300
99147800
94898800
98790600
98000000
111544500
151167200
99932400
99683000
105355000
104954800
109458900
108080400
108475100
113864200
109462200
108590200
112797200
108005300
116775300
115521500
118300900
114861100
120930200
113264100
117145300
114623900
117257300
114933200
120624400
123415500
121399500
118710500
118595800
123694400
125408300
117486600
125045000
124335500
128567400
129054400
124616600
126505300
128337300
126977400
132947900
133293200
129619300
158662900
132460800
129823700
138087800
140606200
139387900
134639100
138800000
142868000
135504800
138068100
142531600
141952900
140174800
143423000
146683600
144154700
146335400
147986900
159012500
153327300
149620100
152684400
148097500
148414800
152197000
146063200
148570100
150220100
151577700
156569800
153748700
157131900
157860900
157549800
160380400
157058800
160849000
159663200
160489600
161242500
164275800
163868400
169697800
161349600
170114800
163866000
171462700
167634000
165930200
171163700
174507700
176517800
170158000
166503500
174695500
173150600
172567000
176142000
184826800
169299100
183499100
185711300
178532000
181026700
187842400
185995200
186737200
187763200
196306900
187950700
187790600
192697300
190210700
189745400
190789800
204518000
183545900
188431400
184821000
195426000
199637300
200266800
208974200
194269800
195300100
208091900
206632400
213551800
205288400
218842200
210424800
200524900
205125600
204571500
208167800
214480000
212677700
214521400
212713900
219239800
215328100
210498700
215432700
213732900
220269100
216472100
221765900
222023600
219727200
220502800
233004300
224097700
242843200
231994900
239065000
229726300
237756800
242674400
232540900
233168000
238971200
247367700
240017100
245768600
245207700
245285300
245802600
239967700
253361000
249473700
246182300
247865900
241313400
253605000
263374200
256964000
260969800
255005600
262987700
267497500
257556500
260741400
258447100
243561400
264061100
269946600
265461400
251823200
270597900
271199200
277272400
261638500
283368800
283939000
273577300
277056900
270355800
270851000
282915000
280211800
271459300
285608100
289488600
283529400
297499900
292846400
296450500
294346200
300147900
293675700
283852100
279928900
283871200
286138800
284672200
302190500
304866800
300446200
317290000
312371100
305496600
311853400
310167100
312222100
305743500
313128600
328813900
310414500
324794100
311179500
323378200
306375400
319014800
314745600
334380800
317284200
330337400
331161000
315219700
322426600
324976300
334381200
338661400
325158800
331329800
336817900
340016500
348451000
350513800
344715000
343533700
352973000
355913000
345254700
345463000
356372000
345255500
362233000
355322400
353174700
355319600
360773600
364300500
357528500
370638000
360563600
363605400
372741900
369659100
362614200
366165600
369724000
374369800
365680500
394107200
377313600
370817000
379953800
367532400
360887200
368248600
387260100
399362600
393539000
396046600
380979200
393649100
397232700
388379100
397014500
407446400
406095800
409846900
400837100
400911700
414499100
435044400
413599100
424119600
419753400
414646600
412483500
411804100
426110500
423938000
434691800
417868700
420117900
428942700
437501600
427041200
428256500
432684100
435526200
441112400
433994000
446811300
434924800
455282100
441650200
440709600
444923300
444880600
440728600
461023200
460141300
454569200
461085400
452319100
445293900
449607400
460458600
464234000
472129300
484667800
477376600
480460000
480925900
482670300
472816700
482053000
474444800
485672600
475779500
494084300
493779100
491037800
477631400
484233000
488307000
493624900
497576600
505779900
501938700
500586400
478005700
471358400
467671700
469485300
483708900
468442400
544155500
521336900
527645600
498804600
506175300
506061200
518058100
502055800
505977600
526302300
515219700
524919000
514293600
529886700
524526500
524960500
524350100
526687700
517682700
521226000
528781500
545189300
545540200
532095400
540922000
521172600
553154600
551009700
540832400
525171900
549647500
549064400
559509200
549951400
550502700
566143700
556621000
577305600
553066600
557549800
570942500
571681500
572269900
547525000
565189200
574110900
583263100
567530300
588419800
595914700
588921800
582863600
591787200
598051900
603822500
588748000
598396300
588976800
579941200
586684400
586018900
598892500
608247100
612562400
624084500
612032200
621655100
603176000
636061900
624150300
630594700
622061100
618195800
626690500
636410100
634290300
629153600
639267500
653542400
633012900
645185600
639050300
638705700
644165900
651163600
647146600
652053600
647917800
650778900
662660900
639860600
662247500
672702300
661909600
659871900
662065400
659994700
667798300
674081800
673815400
680695200
713173000
682788000
686011300
681182200
695393800
685056500
680728900
705143100
699071200
694324500
705859600
707255100
700010900
699538600
705937900
703403300
714543200
720370100
736156600
708046100
742473900
753021900
719292700
729399000
717511700
734569000
747908500
724603000
733502800
727956800
744340300
738438600
732073600
746506600
753205000
743192700
756598600
750649200
761507200
752188900
755551200
762962300
781922800
759610900
758978100
785272600
787469200
765266500
777078700
762420400
782998500
796583400
809335800
813252500
811073200
814336400
789778700
804290300
820947700
790735800
807383300
836310700
815284800
814829700
805943700
835077000
819557400
816920100
827949000
836738400
834751500
836701700
827161800
834755200
840661300
840195300
857846100
850888700
835712900
856539400
853308200
851165800
868757400
861896400
877998900
866466400
887192300
871717200
869619300
873418000
880799500
859308100
905288800
877982300
893680200
870442500
881682800
900623700
870398000
889865700
921386400
914547300
895978500
929358600
918472000
922790100
922334500
940605900
930223700
921867600
918712500
922346100
923018200
947891600
945883400
931521000
955205600
936306500
966629600
939754300
955883400
956848700
949055600
970763100
944860700
941469700
932176400
965983300
981605900
976395100
990888200
979920400
982812500
970819600
984863300
975365400
985701100
1018827800
996534500
990910400
1015745000
1029668200
1026754800
1015912100
1003941400
1026428100
1040676300
1021369400
1016430700
1036593000
1029642000
1018568000
989524600
1001514700
1021599100
1018167900
1035274900
1051125900
1012381700
1012519200
1027376400
1004567400
1096784500
1067491300
1541939900
1012356000
1011640200
1057846900
1403708300
1069735000
1214456700
1144009900
1265885300
1116655400
1141424100
1120356900
1089261800
1110578100
1089905900
1099403600
1113819500
1128593200
1121084600
1130737400
1120793600
1127790300
1131831800
1137830500
1115371600
1129518400
1132125000
1178332200
1149777000
1160655100
1165484400
1167652300
1166488700
1164534200
1164156400
1159594900
1159796400
1142252400
1161619600
1187116000
1157472600
1182879600
1163457400
1174132000
1208594000
1160735100
1193453500
1180577400
1174956300
1190973800
1176622300
1187192200
1215363200
1187750700
1206499200
1190766200
1223800800
1214927800
1234900600
1247354700
1235213500
1266853600
1251907000
1234486300
1227164400
1218151400
1244919800
1261417100
1233196600
1263353600
1243224700
1282586800
1284197100
1256407400
1255124100
1273915000
1282761900
1260334900
1287546500
1292692400
1295104900
1295369400
1309860300
1312415900
1315572600
1325560900
1296773400
1317841900
1305590200
1315313100
1319675100
1343617200
1308183400
1309219300
1341150900
1342238600
1329658700
1350060000
1346952500
1374963000
1329285800
1352689800
1332995000
1368178600
1351863300
1355954100
1373278300
1363146200
1368512400
1367547700
1366434700
1392525300
1386018700
1380539700
1392776100
1393375200
1421940800
1400954300
1405078100
1417440600
1414583600
1402364900
1423804000
1411172100
1419621600
1418429100
1461651000
1445522400
1455696400
1435510200
1446378400
1460125400
1472177800
1470670000
1485241400
1495157500
1475280200
1469000900
1460821100
1458379100
1471402600
1477629500
1481696400
1480430800
1490695100
1493925100
1499910100
1477247800
1518868100
1492594700
1500385800
1500460600
1514325800
1551529400
1555794000
1549693300
1547033400
1557947600
1550971800
1594173200
1592551800
1562614800
1564983900
1579428800
1557629100
1562084200
1579548500
1583574900
1583060900
1576608200
1593617700
1589322500
1607812500
1609007300
1612812900
1583994300
1615866000
1624044400
1609912800
1606448700
1630146800
1629455000
1629724900
1612236500
1652982100
1607171100
1631814300
1626626400
1631758100
1652709700
1654312100
1653210900
1656870000
1705007500
1711400500
1700698600
1682542400
1683922300
1690087600
1677512000
1682497700
1702915300
1677429900
1723149800
1689488900
1701469700
1711054200
1730724300
1725868000
1749916700
1806608100
1747705800
1841896500
1802575300
1775754700
1753125700
2019910200
2036970600
2021857200
1900065900
2106754700
1798774300
1744108900
2297437900
1907373600
1772341300
1839728200
1953864900
2021442300
1991023000
1843024500
1848729300
1783299200
1808355600
1812446300
1816400400
1838231500
1828448000
1857939900
1964572000
1838310200
1844077800
1873332200
1840792900
1874842500
1860575800
1866720500
1889366300
1863456400
1945596800
1896293600
1889141600
1924066800
1893131800
1899749300
1922855300
1973325900
1928134300
2015054400
1933492500
1952720500
1934907100
1940336900
1976472000
1958761100
1974398900
1958912600
1960795300
1998669800
1970905700
1990937100
1978397800
1991150000
2037031800
2017237300
2170485500
2316062900
2173515500
2058386200
2065010100
2138100900
2064925700
2134757200
2079551600
2100006900
2147350100
2091478400
2193195900
2088524900
2191292900
2103216300
2142314700
2184249700
2155407400
2300620400
2259045400
2365673100
2257898800
2395589600
2241478500
2333676500
2283907900
2291434900
2358607800
2289826700
2441459300
2291630100
2383588700
2300234400
2486077800
2317969700
2395651500
2402356500
2522394900
2376844000
2625885700
2402408500
2503286600
2266757200
2373032400
2238916100
2270654100
2320564400
2239033200
2313658500
2259030600
2364884800
2257275300
2354422000
2289200900
2353427200
2308493800
2431894200
2376276200
2463004400
2375813700
2481023900
2373909700
2367982600
2458780200
2362466600
2573789600
2510729600
2687544700
2527576200
2552245100
2518280200
2438099800
2387047700
2477152300
2406541900
2499337900
2419899400
2507616200
2457031600
2646784900
2563046500
2627585000
2588281100
2573477600
2520789700
2478961500
2521887200
2503713800
2499662100