32600
4500
6200
9500
83300
31800
27300
70300
114300
149600
131800
118400
80800
32900
39000
39700
36000
39800
47100
49400
62600
61300
69500
72900
83700
89000
93800
102000
112300
119900
129100
137900
151200
166000
166100
177200
190500
200200
204100
166300
180100
180000
189300
198100
211200
223700
231800
241300
254400
263700
275700
290500
300800
321200
290400
292900
297900
301600
316100
335000
346100
357700
373900
381500
397200
417400
434200
520500
571900
733900
427500
314500
283300
255600
268400
279700
289800
299000
258000
262000
270500
280300
301100
302300
310700
318900
329400
341500
352800
366000
377700
391500
404300
418900
431100
447100
461700
476200
491900
507100
522800
539700
555800
573700
589600
644100
649800
652600
664800
699800
718200
736400
756700
780600
802300
824400
850400
871500
1037300
1026900
4309900
1026900
1397700
1436900
1048900
6255600
1047300
1121300
1073600
1185300
1166100
1491800
1412900
1128300
1382200
1368200
1398800
1433000
1351400
1310700
1415700
1383100
1403000
2222300
1814700
1507500
1527500
1569700
1609500
1633200
1925500
1699000
1728900
2684800
1852300
1843700
1890700
1944800
1966800
1999500
2721300
9466200
2458600
2158900
2315000
4161700
2614500
2431100
3030600
2449800
4162200
3999200
3306400
3057400
3620500
3879000
2763300
4305500
3469100
5388100
3433000
3513100
3223400
3296900
6704800
4244600
3407000
3928200
4246900
3667000
3531500
3907200
3969100
3717000
3832700
18029100
5624900
4936000
5574200
4747900
4163300
5662400
4582200
7483700
4759900
6898400
34223300
42676400
25838600
8814800
7663300
5390000
7798300
5976900
6057900
8142400
6065800
6987300
9782200
7127300
6153500
6205300
7266900
6095200
6820100
10133300
7654900
7961800
10026900
14460500
7015900
10643700
8802700
7586200
19530300
8166200
11523900
8768600
9447800
13831900
8746500
9103200
9365200
8645100
8995700
9223200
8591700
12108300
8495800
16419200
18549400
16555400
13299700
8930300
13715000
9434100
9707900
9281300
9358800
9391900
10967000
10209800
9959600
10322700
10349200
12540800
10968500
10425000
10467200
10575900
10678900
11573900
11256400
12800900
14112300
13600900
14679400
13357900
12274600
14287900
14764300
14847800
13594800
14887600
13280800
14369300
13302800
14302500
16413900
14556200
13758900
17064400
14231600
15379100
14388500
14154200
14368800
14543200
16234100
47661300
17538800
18532400
15272800
17519100
15879800
15757100
17908800
15996600
20285700
18028800
16507800
16613900
16736500
16904700
19607800
17599700
21382500
17706000
17876800
18097400
21089400
22444500
18567500
18741400
21859900
19257200
19459900
22136100
22006900
22589000
20044900
25015800
21922000
23412100
21434800
24631600
22452500
22653100
22755800
22874600
25101500
26292000
23100500
33368700
25144700
27165100
24492500
28804000
26690900
25541800
26068700
25185200
29535700
29383500
26071500
27109000
29732600
29479900
30518900
25891700
29341400
28606300
28065100
29104200
29684100
27305000
28890400
29823900
28283600
28623500
31478500
32602200
29780400
28971200
47343400
31480600
31430400
35175500
34055300
32765200
33422700
33233800
33550400
33924700
35888000
33445400
34806400
34991900
38595800
37877300
40676400
33620100
33874800
37828000
35268200
34678600
38395500
36601700
37805700
36628600
36275300
41803300
40535700
40556000
37701000
39885000
37741500
39148300
39725200
45516200
43443700
39228100
42583900
43571700
45281600
41337700
43313500
43243300
44396600
45338300
44820500
46514400
47552600
49460400
50189700
50563100
48860400
51042800
47004200
47538800
47259200
60115500
60725100
54489500
51134500
63960600
57978800
53865000
55248900
56108700
50944800
57596500
60310500
52637100
54028000
55413300
61989600
53517200
53378900
56766700
58285500
62842800
66999000
58950800
59049500
58489600
57376400
58777200
66483100
60903800
62861100
58548100
241752000
168068100
67023400
63302000
61382000
63950000
62915800
63087100
63003800
64133800
63198300
199419200
84479400
66497700
68957800
71715000
72353400
70438100
70488600
71561400
73743300
98584200
76400300
70597200
70753200
75820500
73255800
81550600
81379300
82373700
82232400
83769400
72187300
76125100
85956600
82191300
74217200
93715300
83398800
86798800
78277800
89011100
83610500
83877900
84716300
84106800
86152100
100502600
86396300
90718300
98560900
92387300
90596900
84829700
84655700
87343600
81135600
96162800
93726900
107205400
95361700
92108400
95671200
95470300
89488700
96027400
100554300
97788400
99550400
99638400
103985000
97357500
111685700
105675700
97990400
122590600
107326000
107057200
108317700
111012700
100683400
96193200
96944200
100663100
105538700
111872400
107737100
111502500
113740700
117547800
127441600
107779100
116097500
110994500
105064700
105363200
104642100
113183000
105900000
111563200
121005900
149358800
115132100
117077000
108424500
119569300
110319600
121235100
117290100
111962500
115630200
126326500
124283500
122670100
119248100
119002200
115299100
118761100
121192900
122739700
121977700
121621000
124809300
127597100
120251000
128085200
130949000
122760700
124764100
131127000
129869400
132459400
145132500
166982200
133867700
138454900
190714800
136148400
137239000
133040500
141375500
129434200
132172600
145651400
149875600
148639200
147805700
144633900
152641300
154956400
155233500
150291600
156949200
155132300
153624600
158117300
167277200
159770700
164919200
167271900
165031400
152740100
171575500
162039200
167006900
167856100
165248200
169612400
158486000
172599300
169000100
165969200
170392900
177597800
169808800
170542300
177938000
185254000
176050800
189829900
264754600
194685500
348177500
214992200
195530600
201591300
180271200
192302900
202521700
179971200
191714100
193832400
190133000
181262500
170338700
189612400
179122500
186221800
195768100
185028400
181867800
188897600
225756200
198186600
191882500
193490000
184379300
196922200
195196400
205246100
200353500
202616000
194362400
201235200
199645500
197567200
207488200
210937200
207520100
212916000
211270100
208672500
216831400
227462200
213729500
213155600
320033400
216274800
223185000
222933200
219152300
242219600
218684200
209821000
216957200
215619800
229349700
229409800
248889900
227516600
242143900
248647400
241276800
242104100
233511700
250199700
233079100
224769900
242068700
229463200
250323500
235559800
248636900
239269300
241795800
249638900
238320700
230793200
233867600
237641100
244088600
239265500
241553700
242095400
245112200
242929300
246528600
246560900
246768400
246831900
244039200
324021500
299156700
252565400
327622100
319316800
281998300
297049500
259466500
274998800
264514600
287307100
257607500
281697200
267917500
269563200
425816600
284263100
276205900
299072800
284037900
298801800
292080400
286740600
275021200
275594600
287899800
294249700
302930200
279895600
297597000
290964300
301566400
293301100
282604100
302286400
300669600
288394200
327629100
315193100
290659400
297265000
302953800
305915700
309275000
306214100
303186100
308047000
312999600
331940800
320758300
311414000
406068700
318631900
350448300
327430900
328327800
338549900
347203600
334871300
322737100
314594300
483984700
349716200
466292500
337346200
361876200
332610800
345026000
327158800
344622200
341882600
342435600
361188900
352812200
351604200
350447100
341793100
340373000
347021000
356476400
361642900
346467500
341826300
345013900
349775200
352787900
365035300
349359000
355316300
358290900
353611700
419687800
371249000
379192900
374167500
374947100
367182500
416846400
363838500
371114300
366699800
372486400
392871900
393964100
381982400
401787600
398454500
410483400
417933900
434027900
407999500
441825700
419222100
408607200
592521100
414095800
411154700
561588800
525858800
414397300
420029800
433923400
446380900
446000600
423614300
586786200
488310800
461476700
447754000
432635800
498102400
428658700
440007900
455901800
482403000
488903800
443210900
461375500
503880800
464976500
456713600
450539700
445998500
432355300
470302000
454341600
436282100
437577000
446564000
442303700
445561700
450565400
455799200
465851400
465330300
471492200
485882700
485871900
482045300
491182600
494201100
474811100
704560600
499822500
556130300
681502400
565936600
866186700
548652600
740571300
621839400
779357000
807059500
709158700
589985300
573942800
514692000
546105600
577756100
623696000
629005600
597823100
630993900
630987100
608343100
927919500
582251500
609829800
641355900
605609800
705589400
615083000
613679000
585731400
717583800
614258700
730180100
525883500
545316300
699427800
912325000
737862800
612076700
672483700
548967300
537558900
669022200
555905000
549255800
583562800
856699400
702622000
677938900
616864200
616404000
647252000
588506600
568926800
568579200
603127600
808971500
857030600
941950500
789569400
595018700
633792400
751550700
682611200
656154900
609605300
689958400
834114600
627823900
641911700
620552800
767306000
657022900
635141200
637132200
670017600
650291000
719976600
665880200
717460700
779316200
627172800
633343300
630396900
672564700
661750000
637012100
640677600
651196000
642401100
645877400
676173200
657865400
655587100
657766500
674997100
755520700
689158700
810480400
698942000
686503200
703349900
726211200
736487200
729232700
714389300
780048500
735083600
674971300
694285800
680253400
698627500
699153600
736263500
670997400
712700800
788758900
737586700
716899400
898106500
758438600
715255000
722534900
731376400
751668200
746042200
748260300
772973000
805834200
753791800
773687800
793019500
759114700
748861200
720991400
731693800
760837700
766948900
761085500
871002100
824362100
776062700
769214400
781237400
751010100
774900800
780206900
818291900
1043535500
798474000
788476100
837782200
795496500
787866700
792280300
798655600
815715500
769584800
822028000
780415200
838588900
833565300
837012700
815753100
845862500
841207000
955052000
824001900
810361500
828555700
843053400
850580600
823326200
830049200
829229100
836162000
913100000
961765600
914558100
866147000
894494600
838434500
863835000
851774400
866778900
863557100
902325800
898646200
892185000
882897200
940136600
903327600
969095000
1381580500
1118472000
851113500
842958900
866944900
1054528600
867991100
910833600
899400500
968240300
1058850100
919634500
922194300
956099600
928842700
1016847100
1031633100
1217009700
1091778600
992487200
1004467200
1004015100
1036336400
1361285500
1093644000
998686400
1073959300
1077537000
1117942200
1036867900
1052565500
1007492400
1034469700
979122000
1112867700
996557300
1022772500
1039839300
1078481200
998611900
979135000
968672500
1120120700
1072819700
1065165700
978309100
1029574900
1000830400
1043138700
1005236900
1020585100
1018750100
1051270300
1029806800
1076312000
1105214700
1023745600
1109152900
1107573600
1013061400
1134727100
1240988500
1089835500
1197672800
1119052700
1150514800
1110411900
1176237500
1029663500
1035254000
1119533900
1066860500
1116287100
1071753300
1123402700
1042477300
1089688000
1056312100
1115977800
1307773300
1337150500
1405210300
1089095000
1084595400
1146817600
1225897200
1097478600
1228077600
1502532000
1346345800
1259879900
1279185200
1520746600
1185419000
1146944400
1178617400
1181184600
1396873300
1162054300
1249841500
1170849500
1317302500
1220033100
1424306000
1249877100
1214487800
1211722900
1199061200
1198379700
1241660700
1180337700
1155806100
1241251500
1312072600
1209146500
1210189200
1192731800
1310406400
1324070600
1377832100
1175086100
1274783400
1277384700
1201772900
1197970100
1274200700
1193501400
1216614800
1207127700
1237496700
1257463200
1226682200
1276808300
1256711400
1258359500
1417961200
1541792200
1243390800
1376123700
1420347200
1282870200
1786696800
1485450300
1352093600
1395943400
1439871000
1356173600
1361346300
1468873600
1427331300
1692910700
1390010500
1464067200
1371634800
1352449100
1384394700
1351855600
1308918300
1382322000
1448967900
1433082600
1472787400
1369018500
1373033200
1399771500
1369332000
1417919600
1375488000
1434135000
1353011700
1364752400
1379392700
1510422200
1895777800
1383501700
1384072200
1361381900
1364826500
1435061700
1525171100
1390402200
1417358300
1400360300
1401638000
1424345100
1390192000
1437506600
1507818500
1524360800
1555195800
1446400400
1494625600
1497473000
1559752200
1537323200
1573989500
1832820600
1641223700
1438730300
1536173300
1579290600
1560948200
1572447900
1671689900
1514683800
1768377000
1769893300
1594140900
1555994400
1547097900
1501687800
1679203600
1659201800
1652311300
1724777600
1686546100
1562834100
1652540900
1593533200
1563179600
1619666100
1556135500
1550886700
1573820100
1594654600
1570123800
1636932300
1756456100
1730894700
1687643300
1735338000
1668832600
1799001700
1787692400
1716940200
1659130800
1637202200
1583848500
1700718300
1608951500
1622069300
1621228600
1622807500
1735388300
1660098100
1867478300
1874000100
1890378500
1858190400
1810110700
2544431300
2615519600
2961528000
2785650300
2367919200
1843888200
1982730300
1903632500
1856729100
1993689300
1841461800
2070810900
2070946200
1777586500
1753491600
1792046500
2038552200
1953511300
1799957300
1970603900
1852616500
1953629500
1949839200
1866474600
2030788400
1812377300
1791030000
1782497700
1720564100
1720089400
1789931500
1739821200
1806570200
1759423800
1748691600
1762580100
1835313800
1789880400
1775533200
1800586300
1890896800
1867596200
1833658800
1970876600
1952093500
1892495800
2072940900
2068087700
2192926600
2088944700
2060690900
2119939200
1867635200
1833840300
1826329600
1833690300
1907928100
1888880200
1846641400
1868454500
1927726800
1909496000
2205448500
2126121400
2148234900
2078329700
2215525400
2078996900
2236962800
2069472500
2230520800
2165426300
2040364100
2137043800
2344307900
2245127200
2198623900
2017923200
2063571800
2193290200
2473774000
2639098300
2690993900
2220286000
2409282100
2126173100
2060210300
2065479500
2169063800
2213215600
2119278800
2216468400
2143502000
2328973200
2270112700
2216953900
2101248300
2297252400
2164326200
2069710000
2086890300
2131777000
2156238300
2247059700
2201212300
2205120100
2278807000
2127044700
2089960700
2311797100
2167010700
2239937300
2286487200
2252933700
2436534300
2504970200
2429536100
2356476200
2274572900
2190871500
2264613500
2228908800
2351833400
2261202200
2307042200
2506188400
2385439900
2366073600
2404444400
3040386800
2471641800
2224369900
2374421500
2326102700
2270468300
2305205900
2463124900
2420939700
2584116000
2596989100
2472217000
2580084300
2720099100
2763629300
2389546700
2575000900
2441504500
2440064800
2518325100
2429384300
2484982000
2342310100
2361610600
2434873600
2354622100
2454279700
2602711900
2514377800
2572437600
2668837400
2755032500
2736796700
2544276600
2521099900
2582883500
2665789200
2518409100
2559171700
2616006000
2535827400
2542034200
2496913000
2549140600
2622001900
2513066000
2470431600
2549057200
2551244700
2608389400
2635497100
2729673300
2551101500
2546155300
2541212400
2684617300
2646368700
2714042600
2682505200
2510890700
2491664500
2510057300
2455704600
2511215500
2515088000
25